rno	date	time	uno	sno	hno	addTF	price	complete
1	2024-08-01	10:00	44	1	6	0	78000	1
2	2024-08-01	11:00	27	1	3,22	0,0	260000	1
3	2024-08-01	13:00	8	1	5,11	0,0	494000	1
4	2024-08-01	15:00	48	1	8	0	156000	1
5	2024-08-01	16:00	12	1	18,21	0,0	84500	1
6	2024-08-01	10:00	58	2	3	0	216000	1
7	2024-08-01	11:00	41	2	4,8	0,0	384000	1
8	2024-08-01	14:00	1	2	7,14	0,0	216000	1
9	2024-08-01	17:00	27	2	24	0	36000	1
10	2024-08-01	18:00	38	2	12,16	0,0	264000	1
11	2024-08-01	11:00	2	4	4	0	200000	1
12	2024-08-01	12:00	35	4	12	0	80000	1
13	2024-08-01	13:00	43	4	22	0	20000	1
14	2024-08-01	15:00	7	4	3,19	0,0	230000	1
15	2024-08-01	10:00	5	6	2	0	150000	1
16	2024-08-01	11:00	14	6	3,5	0,0	360000	1
17	2024-08-01	16:00	80	6	8	0	120000	1
18	2024-08-01	17:00	50	6	14,15	0,0	350000	1
19	2024-08-01	10:00	37	7	1,23	0,0	60000	1
20	2024-08-01	12:00	15	7	2,15	0,0	380000	1
21	2024-08-01	14:00	67	7	18	0	50000	1
22	2024-08-01	15:00	60	7	11,13	0,0	300000	1
23	2024-08-01	18:00	33	7	12,19	0,0	130000	1
24	2024-08-01	10:00	10	9	6,25	0,0	85000	1
25	2024-08-01	12:00	38	9	2,13	0,0	250000	1
26	2024-08-01	14:00	51	9	12,16	0,0	220000	1
27	2024-08-01	16:00	72	9	1	0	35000	1
28	2024-08-01	17:00	30	9	6,9	0,0	240000	1
29	2024-08-02	10:00	40	1	4,5	0,0	494000	1
30	2024-08-02	14:00	71	1	7,20	0,0	91000	1
31	2024-08-02	17:00	10	1	18,19	0,0	130000	1
32	2024-08-02	10:00	21	2	2,10	0,0	420000	1
33	2024-08-02	13:00	29	2	9	0	216000	1
34	2024-08-02	17:00	17	2	20	0	12000	1
35	2024-08-02	10:00	72	3	12	0	88000	1
36	2024-08-02	14:00	35	3	2	0	165000	1
37	2024-08-02	17:00	44	3	16	0	154000	1
38	2024-08-02	10:00	26	4	18	0	50000	1
39	2024-08-02	11:00	60	4	20	0	10000	1
40	2024-08-02	12:00	59	4	1,17	0,0	105000	1
41	2024-08-02	16:00	49	4	17	0	70000	1
42	2024-08-02	17:00	59	4	7,11	0,0	260000	1
43	2024-08-02	12:00	58	6	2,4	0,0	350000	1
44	2024-08-02	16:00	64	6	7,14	0,0	180000	1
45	2024-08-02	19:00	32	6	12	0	80000	1
46	2024-08-02	10:00	80	7	13,19	0,0	150000	1
47	2024-08-02	12:00	48	7	11	0	200000	1
48	2024-08-02	13:00	30	7	11,16	0,0	340000	1
49	2024-08-02	15:00	28	7	11	0	200000	1
50	2024-08-02	16:00	25	7	3,10	0,0	380000	1
51	2024-08-02	10:00	62	8	2,8	0,0	270000	1
52	2024-08-02	12:00	41	8	2	0	150000	1
53	2024-08-02	13:00	31	8	21	0	15000	1
54	2024-08-02	14:00	39	8	18,24	0,0	80000	1
55	2024-08-02	16:00	33	8	14	0	120000	1
56	2024-08-02	17:00	20	8	6,16	0,0	200000	1
57	2024-08-02	10:00	61	11	6,19	0,0	110000	1
58	2024-08-02	16:00	46	11	7,8	0,0	180000	1
59	2024-08-02	18:00	45	11	15,18	0,0	280000	1
60	2024-08-03	10:00	55	1	1,2	0,0	240500	1
61	2024-08-03	13:00	51	1	7,21	0,0	97500	1
62	2024-08-03	16:00	74	1	2,9	0,0	429000	1
63	2024-08-03	18:00	35	1	3,16	0,0	416000	1
64	2024-08-03	10:00	63	3	5,9	0,0	396000	1
65	2024-08-03	12:00	16	3	4	0	220000	1
66	2024-08-03	14:00	52	3	7	0	66000	1
67	2024-08-03	15:00	14	3	7	0	66000	1
68	2024-08-03	16:00	40	3	13	0	110000	1
69	2024-08-03	17:00	45	3	3,12	0,0	286000	1
70	2024-08-03	10:00	67	4	12,16	0,0	220000	1
71	2024-08-03	12:00	74	4	3,8	0,0	300000	1
72	2024-08-03	15:00	34	4	19	0	50000	1
73	2024-08-03	16:00	68	4	25	0	25000	1
74	2024-08-03	17:00	66	4	4,12	0,0	280000	1
75	2024-08-03	10:00	21	5	3,17	0,0	250000	1
76	2024-08-03	12:00	65	5	5	0	180000	1
77	2024-08-03	13:00	79	5	24	0	30000	1
78	2024-08-03	14:00	38	5	6,7	0,0	120000	1
79	2024-08-03	16:00	11	5	2,14	0,0	270000	1
80	2024-08-03	18:00	3	5	9,12	0,0	260000	1
81	2024-08-03	12:00	51	6	11,23	0,0	225000	1
82	2024-08-03	15:00	23	6	1,4	0,0	235000	1
83	2024-08-03	17:00	58	6	17	0	70000	1
84	2024-08-03	18:00	15	6	4,23	0,0	225000	1
85	2024-08-03	11:00	15	7	6,18	0,0	110000	1
86	2024-08-03	15:00	3	7	4,12	0,0	280000	1
87	2024-08-03	18:00	27	7	3,5	0,0	360000	1
88	2024-08-03	10:00	79	8	9,12	0,0	260000	1
89	2024-08-03	14:00	63	8	1,25	0,0	60000	1
90	2024-08-03	18:00	2	8	11,20	0,0	210000	1
91	2024-08-03	10:00	34	9	13	0	100000	1
92	2024-08-03	11:00	7	9	2,16	0,0	290000	1
93	2024-08-03	13:00	9	9	6	0	60000	1
94	2024-08-03	14:00	72	9	12	0	80000	1
95	2024-08-03	18:00	38	9	21,24	0,0	45000	1
96	2024-08-03	10:00	46	10	1,8	0,0	155000	1
97	2024-08-03	12:00	19	10	1,22	0,0	55000	1
98	2024-08-03	18:00	9	10	14,15	0,0	350000	1
99	2024-08-03	11:00	32	11	5,14	0,0	300000	1
100	2024-08-03	13:00	71	11	3	0	180000	1
101	2024-08-03	14:00	13	11	13,17	0,0	170000	1
102	2024-08-03	17:00	27	11	5,14	0,0	300000	1
103	2024-08-03	19:00	75	11	14	0	120000	1
104	2024-08-04	10:00	79	2	18	0	60000	1
105	2024-08-04	11:00	35	2	21,24	0,0	54000	1
106	2024-08-04	13:00	67	2	7	0	72000	1
107	2024-08-04	14:00	24	2	18,20	0,0	72000	1
108	2024-08-04	16:00	50	2	7	0	72000	1
109	2024-08-04	17:00	64	2	2,12	0,0	276000	1
110	2024-08-04	10:00	29	3	12,15	0,0	341000	1
111	2024-08-04	12:00	32	3	13	0	110000	1
112	2024-08-04	13:00	78	3	14,15	0,0	385000	1
113	2024-08-04	16:00	44	3	5,17	0,0	275000	1
114	2024-08-04	18:00	54	3	4	0	220000	1
115	2024-08-04	19:00	7	3	11	0	220000	1
116	2024-08-04	11:00	61	4	2,19	0,0	200000	1
117	2024-08-04	13:00	70	4	13,19	0,0	150000	1
118	2024-08-04	15:00	67	4	4,10	0,0	400000	1
119	2024-08-04	17:00	53	4	2,5	0,0	330000	1
120	2024-08-04	19:00	43	4	3	0	180000	1
121	2024-08-04	10:00	18	5	22	0	20000	1
122	2024-08-04	13:00	76	5	10,24	0,0	230000	1
123	2024-08-04	15:00	45	5	6,16	0,0	200000	1
124	2024-08-04	18:00	17	5	3,21	0,0	195000	1
125	2024-08-04	10:00	11	6	12	0	80000	1
126	2024-08-04	11:00	79	6	12,15	0,0	310000	1
127	2024-08-04	13:00	39	6	7,16	0,0	200000	1
128	2024-08-04	15:00	53	6	1,8	0,0	155000	1
129	2024-08-04	18:00	29	6	10,13	0,0	300000	1
130	2024-08-04	10:00	12	7	7	0	60000	1
131	2024-08-04	11:00	63	7	18,21	0,0	65000	1
132	2024-08-04	14:00	5	7	13,16	0,0	240000	1
133	2024-08-04	17:00	19	7	3,19	0,0	230000	1
134	2024-08-04	10:00	4	8	9,24	0,0	210000	1
135	2024-08-04	13:00	61	8	3,16	0,0	320000	1
136	2024-08-04	15:00	47	8	6	0	60000	1
137	2024-08-04	16:00	54	8	5,16	0,0	320000	1
138	2024-08-04	18:00	52	8	5,6	0,0	240000	1
139	2024-08-04	10:00	31	9	23	0	25000	1
140	2024-08-04	11:00	45	9	6	0	60000	1
141	2024-08-04	12:00	31	9	3	0	180000	1
142	2024-08-04	16:00	68	9	14	0	120000	1
143	2024-08-04	17:00	27	9	5,14	0,0	300000	1
144	2024-08-04	12:00	65	10	8	0	120000	1
145	2024-08-04	13:00	60	10	4	0	200000	1
146	2024-08-04	14:00	19	10	12	0	80000	1
147	2024-08-04	15:00	74	10	10,20	0,0	210000	1
148	2024-08-04	17:00	23	10	25	0	25000	1
149	2024-08-04	18:00	14	10	16	0	140000	1
150	2024-08-04	19:00	56	10	16	0	140000	1
151	2024-08-04	10:00	56	11	4	0	200000	1
152	2024-08-04	13:00	80	11	1,22	0,0	55000	1
153	2024-08-04	16:00	1	11	9,18	0,0	230000	1
154	2024-08-05	11:00	51	1	3,4	0,0	494000	1
155	2024-08-05	15:00	29	1	12,17	0,0	195000	1
156	2024-08-05	17:00	29	1	9	0	234000	1
157	2024-08-05	19:00	9	1	13	0	130000	1
158	2024-08-05	10:00	2	2	14,17	0,0	228000	1
159	2024-08-05	12:00	26	2	13,15	0,0	396000	1
160	2024-08-05	16:00	35	2	15	0	276000	1
161	2024-08-05	17:00	15	2	6	0	72000	1
162	2024-08-05	18:00	40	2	1,11	0,0	282000	1
163	2024-08-05	10:00	60	3	2	0	165000	1
164	2024-08-05	11:00	26	3	1	0	38500	1
165	2024-08-05	12:00	13	3	5,12	0,0	286000	1
166	2024-08-05	14:00	1	3	16	0	154000	1
167	2024-08-05	15:00	74	3	8,12	0,0	220000	1
168	2024-08-05	10:00	5	5	1	0	35000	1
169	2024-08-05	12:00	11	5	21	0	15000	1
170	2024-08-05	14:00	58	5	1,3	0,0	215000	1
171	2024-08-05	17:00	72	5	7,18	0,0	110000	1
172	2024-08-05	10:00	13	7	3	0	180000	1
173	2024-08-05	12:00	65	7	2,20	0,0	160000	1
174	2024-08-05	14:00	31	7	11	0	200000	1
175	2024-08-05	15:00	47	7	8	0	120000	1
176	2024-08-05	18:00	52	7	2	0	150000	1
177	2024-08-05	19:00	47	7	16	0	140000	1
178	2024-08-05	10:00	8	8	2,7	0,0	210000	1
179	2024-08-05	12:00	8	8	8	0	120000	1
180	2024-08-05	15:00	49	8	11	0	200000	1
181	2024-08-05	16:00	1	8	11,12	0,0	280000	1
182	2024-08-05	10:00	10	9	3,12	0,0	260000	1
183	2024-08-05	12:00	38	9	16,20	0,0	150000	1
184	2024-08-05	15:00	1	9	14,23	0,0	145000	1
185	2024-08-05	10:00	61	10	7,19	0,0	110000	1
186	2024-08-05	14:00	70	10	15,16	0,0	370000	1
187	2024-08-05	17:00	41	10	21	0	15000	1
188	2024-08-05	10:00	22	11	13,14	0,0	220000	1
189	2024-08-05	13:00	16	11	3,19	0,0	230000	1
190	2024-08-05	16:00	20	11	10	0	200000	1
191	2024-08-05	17:00	56	11	6	0	60000	1
192	2024-08-05	18:00	41	11	1	0	35000	1
193	2024-08-06	10:00	35	1	4,9	0,0	494000	1
194	2024-08-06	12:00	18	1	6,17	0,0	169000	1
195	2024-08-06	14:00	22	1	8,13	0,0	286000	1
196	2024-08-06	17:00	47	1	7	0	78000	1
197	2024-08-06	18:00	15	1	17	0	91000	1
198	2024-08-06	19:00	37	1	23	0	32500	1
199	2024-08-06	10:00	78	2	16,18	0,0	228000	1
200	2024-08-06	12:00	62	2	19	0	60000	1
201	2024-08-06	13:00	35	2	7	0	72000	1
202	2024-08-06	15:00	71	2	22	0	24000	1
203	2024-08-06	16:00	27	2	24	0	36000	1
204	2024-08-06	17:00	56	2	23	0	30000	1
205	2024-08-06	18:00	63	2	18	0	60000	1
206	2024-08-06	13:00	49	3	3,20	0,0	209000	1
207	2024-08-06	15:00	55	3	1,18	0,0	93500	1
208	2024-08-06	10:00	62	5	6,9	0,0	240000	1
209	2024-08-06	12:00	60	5	1,11	0,0	235000	1
210	2024-08-06	14:00	44	5	25	0	25000	1
211	2024-08-06	15:00	11	5	25	0	25000	1
212	2024-08-06	16:00	15	5	3,13	0,0	280000	1
213	2024-08-06	10:00	19	8	3,15	0,0	410000	1
214	2024-08-06	14:00	73	8	4,22	0,0	220000	1
215	2024-08-06	16:00	78	8	20	0	10000	1
216	2024-08-06	18:00	49	8	2,3	0,0	330000	1
217	2024-08-06	10:00	64	9	20,23	0,0	35000	1
218	2024-08-06	13:00	41	9	8	0	120000	1
219	2024-08-06	14:00	40	9	6,13	0,0	160000	1
220	2024-08-06	17:00	54	9	17	0	70000	1
221	2024-08-06	18:00	20	9	10	0	200000	1
222	2024-08-06	10:00	31	10	7,11	0,0	260000	1
223	2024-08-06	13:00	23	10	4,19	0,0	250000	1
224	2024-08-07	10:00	2	1	17	0	91000	1
225	2024-08-07	11:00	45	1	8,20	0,0	169000	1
226	2024-08-07	15:00	63	1	25	0	32500	1
227	2024-08-07	16:00	75	1	7	0	78000	1
228	2024-08-07	18:00	77	1	1,6	0,0	123500	1
229	2024-08-07	10:00	44	2	8,17	0,0	228000	1
230	2024-08-07	14:00	57	2	2	0	180000	1
231	2024-08-07	15:00	13	2	18	0	60000	1
232	2024-08-07	16:00	20	2	9,11	0,0	456000	1
233	2024-08-07	18:00	55	2	18	0	60000	1
234	2024-08-07	10:00	51	4	11	0	200000	1
235	2024-08-07	11:00	23	4	13,17	0,0	170000	1
236	2024-08-07	13:00	67	4	17	0	70000	1
237	2024-08-07	14:00	80	4	3,21	0,0	195000	1
238	2024-08-07	16:00	73	4	4	0	200000	1
239	2024-08-07	18:00	35	4	20,21	0,0	25000	1
240	2024-08-07	11:00	75	5	7,16	0,0	200000	1
241	2024-08-07	13:00	62	5	2,19	0,0	200000	1
242	2024-08-07	16:00	34	5	3,8	0,0	300000	1
243	2024-08-07	10:00	14	6	14,25	0,0	145000	1
244	2024-08-07	14:00	78	6	4,6	0,0	260000	1
245	2024-08-07	16:00	80	6	9,17	0,0	250000	1
246	2024-08-07	11:00	58	10	4,15	0,0	430000	1
247	2024-08-07	14:00	50	10	18	0	50000	1
248	2024-08-07	15:00	5	10	9	0	180000	1
249	2024-08-07	16:00	8	10	19	0	50000	1
250	2024-08-07	17:00	72	10	19,21	0,0	65000	1
251	2024-08-07	11:00	79	11	22	0	20000	1
252	2024-08-07	12:00	76	11	13,24	0,0	130000	1
253	2024-08-07	14:00	70	11	20	0	10000	1
254	2024-08-07	16:00	50	11	9	0	180000	1
255	2024-08-07	17:00	14	11	10,12	0,0	280000	1
256	2024-08-08	10:00	10	1	20	0	13000	1
257	2024-08-08	12:00	16	1	10,18	0,0	325000	1
258	2024-08-08	15:00	35	1	4,11	0,0	520000	1
259	2024-08-08	18:00	9	1	1,2	0,0	240500	1
260	2024-08-08	10:00	62	2	23	0	30000	1
261	2024-08-08	15:00	72	2	9	0	216000	1
262	2024-08-08	17:00	62	2	16	0	168000	1
263	2024-08-08	18:00	6	2	17,19	0,0	144000	1
264	2024-08-08	10:00	12	4	4,14	0,0	320000	1
265	2024-08-08	13:00	52	4	23	0	25000	1
266	2024-08-08	15:00	18	4	4,8	0,0	320000	1
267	2024-08-08	17:00	12	4	17	0	70000	1
268	2024-08-08	18:00	71	4	3,16	0,0	320000	1
269	2024-08-08	10:00	65	6	3	0	180000	1
270	2024-08-08	11:00	10	6	9	0	180000	1
271	2024-08-08	12:00	77	6	14,15	0,0	350000	1
272	2024-08-08	17:00	44	6	9,11	0,0	380000	1
273	2024-08-08	11:00	16	7	7,9	0,0	240000	1
274	2024-08-08	13:00	5	7	13,15	0,0	330000	1
275	2024-08-08	17:00	30	7	6,20	0,0	70000	1
276	2024-08-08	10:00	56	9	10,16	0,0	340000	1
277	2024-08-08	12:00	29	9	6,11	0,0	260000	1
278	2024-08-08	14:00	58	9	12	0	80000	1
279	2024-08-08	17:00	38	9	4,15	0,0	430000	1
280	2024-08-09	10:00	46	1	1	0	45500	1
281	2024-08-09	12:00	54	1	19	0	65000	1
282	2024-08-09	13:00	51	1	10,13	0,0	390000	1
283	2024-08-09	15:00	16	1	2,6	0,0	273000	1
284	2024-08-09	18:00	76	1	7,12	0,0	182000	1
285	2024-08-09	10:00	20	2	5	0	216000	1
286	2024-08-09	12:00	20	2	13,25	0,0	150000	1
287	2024-08-09	15:00	3	2	7	0	72000	1
288	2024-08-09	16:00	27	2	16	0	168000	1
289	2024-08-09	17:00	16	2	10,11	0,0	480000	1
290	2024-08-09	19:00	44	2	18	0	60000	1
291	2024-08-09	10:00	13	3	19	0	55000	1
292	2024-08-09	11:00	74	3	13,19	0,0	165000	1
293	2024-08-09	13:00	18	3	5,21	0,0	214500	1
294	2024-08-09	17:00	2	3	2,20	0,0	176000	1
295	2024-08-09	10:00	73	4	15	0	230000	1
296	2024-08-09	11:00	3	4	2	0	150000	1
297	2024-08-09	12:00	52	4	1,19	0,0	85000	1
298	2024-08-09	15:00	36	4	8,9	0,0	300000	1
299	2024-08-09	17:00	13	4	4	0	200000	1
300	2024-08-09	18:00	15	4	24	0	30000	1
301	2024-08-09	10:00	16	6	10,20	0,0	210000	1
302	2024-08-09	12:00	65	6	7	0	60000	1
303	2024-08-09	13:00	24	6	17,23	0,0	95000	1
304	2024-08-09	16:00	31	6	13,19	0,0	150000	1
305	2024-08-09	11:00	40	7	1,12	0,0	115000	1
306	2024-08-09	13:00	22	7	14,17	0,0	190000	1
307	2024-08-09	15:00	59	7	1,10	0,0	235000	1
308	2024-08-09	17:00	65	7	20	0	10000	1
309	2024-08-09	11:00	79	8	10	0	200000	1
310	2024-08-09	12:00	38	8	3,8	0,0	300000	1
311	2024-08-09	15:00	10	8	8	0	120000	1
312	2024-08-09	17:00	78	8	15	0	230000	1
313	2024-08-09	19:00	17	8	1	0	35000	1
314	2024-08-09	11:00	21	11	2,11	0,0	350000	1
315	2024-08-09	13:00	55	11	13,24	0,0	130000	1
316	2024-08-09	15:00	20	11	16,24	0,0	170000	1
317	2024-08-10	10:00	28	1	14,17	0,0	247000	1
318	2024-08-10	12:00	34	1	12	0	104000	1
319	2024-08-10	13:00	18	1	23	0	32500	1
320	2024-08-10	14:00	9	1	3,10	0,0	494000	1
321	2024-08-10	16:00	62	1	23	0	32500	1
322	2024-08-10	17:00	54	1	23	0	32500	1
323	2024-08-10	18:00	75	1	5,8	0,0	390000	1
324	2024-08-10	11:00	39	3	2,4	0,0	385000	1
325	2024-08-10	13:00	21	3	10,15	0,0	473000	1
326	2024-08-10	15:00	60	3	1,4	0,0	258500	1
327	2024-08-10	18:00	26	3	25	0	27500	1
328	2024-08-10	10:00	3	4	2,14	0,0	270000	1
329	2024-08-10	12:00	75	4	6,14	0,0	180000	1
330	2024-08-10	15:00	61	4	5,25	0,0	205000	1
331	2024-08-10	17:00	26	4	1	0	35000	1
332	2024-08-10	18:00	44	4	2,5	0,0	330000	1
333	2024-08-10	10:00	61	5	3,5	0,0	360000	1
334	2024-08-10	15:00	11	5	4,22	0,0	220000	1
335	2024-08-10	17:00	41	5	22	0	20000	1
336	2024-08-10	18:00	8	5	18	0	50000	1
337	2024-08-10	19:00	40	5	2	0	150000	1
338	2024-08-10	10:00	71	6	7	0	60000	1
339	2024-08-10	11:00	27	6	21	0	15000	1
340	2024-08-10	12:00	51	6	25	0	25000	1
341	2024-08-10	13:00	79	6	2,3	0,0	330000	1
342	2024-08-10	17:00	66	6	19	0	50000	1
343	2024-08-10	18:00	9	6	1,16	0,0	175000	1
344	2024-08-10	10:00	48	7	3,17	0,0	250000	1
345	2024-08-10	12:00	9	7	19	0	50000	1
346	2024-08-10	14:00	72	7	13	0	100000	1
347	2024-08-10	16:00	65	7	12	0	80000	1
348	2024-08-10	11:00	11	8	15	0	230000	1
349	2024-08-10	13:00	8	8	11,20	0,0	210000	1
350	2024-08-10	17:00	37	8	16	0	140000	1
351	2024-08-10	18:00	32	8	3,16	0,0	320000	1
352	2024-08-10	10:00	2	9	16,21	0,0	155000	1
353	2024-08-10	12:00	72	9	1,19	0,0	85000	1
354	2024-08-10	15:00	76	9	2	0	150000	1
355	2024-08-10	16:00	40	9	23	0	25000	1
356	2024-08-10	18:00	23	9	6	0	60000	1
357	2024-08-10	10:00	42	10	8	0	120000	1
358	2024-08-10	11:00	74	10	1,16	0,0	175000	1
359	2024-08-10	13:00	13	10	1	0	35000	1
360	2024-08-10	15:00	6	10	16	0	140000	1
361	2024-08-10	16:00	6	10	7,13	0,0	160000	1
362	2024-08-10	18:00	67	10	23	0	25000	1
363	2024-08-10	10:00	6	11	7,22	0,0	80000	1
364	2024-08-10	12:00	22	11	3,22	0,0	200000	1
365	2024-08-10	14:00	45	11	17	0	70000	1
366	2024-08-10	17:00	62	11	18,21	0,0	65000	1
367	2024-08-11	11:00	42	2	5,9	0,0	432000	1
368	2024-08-11	14:00	29	2	7	0	72000	1
369	2024-08-11	15:00	56	2	11	0	240000	1
370	2024-08-11	16:00	25	2	2,20	0,0	192000	1
371	2024-08-11	18:00	52	2	8,23	0,0	174000	1
372	2024-08-11	10:00	37	3	9,17	0,0	275000	1
373	2024-08-11	13:00	77	3	17	0	77000	1
374	2024-08-11	14:00	21	3	19	0	55000	1
375	2024-08-11	17:00	79	3	11	0	220000	1
376	2024-08-11	18:00	72	3	9,16	0,0	352000	1
377	2024-08-11	10:00	14	4	13,21	0,0	115000	1
378	2024-08-11	12:00	27	4	6	0	60000	1
379	2024-08-11	13:00	79	4	9	0	180000	1
380	2024-08-11	15:00	52	4	16	0	140000	1
381	2024-08-11	16:00	48	4	1,17	0,0	105000	1
382	2024-08-11	10:00	35	5	10	0	200000	1
383	2024-08-11	12:00	56	5	10,14	0,0	320000	1
384	2024-08-11	15:00	46	5	5,20	0,0	190000	1
385	2024-08-11	17:00	78	5	4,24	0,0	230000	1
386	2024-08-11	19:00	64	5	14	0	120000	1
387	2024-08-11	11:00	58	6	11,20	0,0	210000	1
388	2024-08-11	16:00	45	6	12,17	0,0	150000	1
389	2024-08-11	10:00	6	7	7	0	60000	1
390	2024-08-11	15:00	65	7	1,7	0,0	95000	1
391	2024-08-11	18:00	15	7	24	0	30000	1
392	2024-08-11	10:00	67	8	9	0	180000	1
393	2024-08-11	11:00	5	8	1,9	0,0	215000	1
394	2024-08-11	13:00	2	8	8,13	0,0	220000	1
395	2024-08-11	15:00	19	8	4,16	0,0	340000	1
396	2024-08-11	18:00	46	8	16,18	0,0	190000	1
397	2024-08-11	10:00	78	9	2,4	0,0	350000	1
398	2024-08-11	14:00	57	9	1,7	0,0	95000	1
399	2024-08-11	17:00	1	9	5,17	0,0	250000	1
400	2024-08-11	10:00	64	10	22,25	0,0	45000	1
401	2024-08-11	13:00	25	10	1	0	35000	1
402	2024-08-11	14:00	53	10	1	0	35000	1
403	2024-08-11	15:00	39	10	6,11	0,0	260000	1
404	2024-08-11	17:00	35	10	21	0	15000	1
405	2024-08-11	18:00	20	10	24	0	30000	1
406	2024-08-11	11:00	7	11	1,2	0,0	185000	1
407	2024-08-11	13:00	40	11	22,23	0,0	45000	1
408	2024-08-11	15:00	16	11	9,24	0,0	210000	1
409	2024-08-11	17:00	11	11	15	0	230000	1
410	2024-08-11	18:00	39	11	10	0	200000	1
411	2024-08-12	10:00	35	1	3,5	0,0	468000	1
412	2024-08-12	12:00	80	1	11,15	0,0	559000	1
413	2024-08-12	14:00	77	1	3,16	0,0	416000	1
414	2024-08-12	16:00	43	1	1,15	0,0	344500	1
415	2024-08-12	18:00	7	1	17	0	91000	1
416	2024-08-12	11:00	66	2	25	0	30000	1
417	2024-08-12	12:00	27	2	11,17	0,0	324000	1
418	2024-08-12	15:00	78	2	11	0	240000	1
419	2024-08-12	16:00	72	2	4,12	0,0	336000	1
420	2024-08-12	18:00	51	2	4,13	0,0	360000	1
421	2024-08-12	10:00	75	3	7,14	0,0	198000	1
422	2024-08-12	15:00	9	3	11	0	220000	1
423	2024-08-12	16:00	4	3	24,25	0,0	60500	1
424	2024-08-12	10:00	27	5	1,7	0,0	95000	1
425	2024-08-12	13:00	19	5	5,13	0,0	280000	1
426	2024-08-12	15:00	40	5	4,11	0,0	400000	1
427	2024-08-12	18:00	14	5	14	0	120000	1
428	2024-08-12	11:00	42	7	1,4	0,0	235000	1
429	2024-08-12	13:00	11	7	5,14	0,0	300000	1
430	2024-08-12	18:00	45	7	19	0	50000	1
431	2024-08-12	19:00	37	7	14	0	120000	1
432	2024-08-12	12:00	12	8	2,20	0,0	160000	1
433	2024-08-12	14:00	44	8	12,21	0,0	95000	1
434	2024-08-12	16:00	78	8	17,18	0,0	120000	1
435	2024-08-12	10:00	16	9	17,20	0,0	80000	1
436	2024-08-12	13:00	64	9	16,23	0,0	165000	1
437	2024-08-12	15:00	38	9	3,23	0,0	205000	1
438	2024-08-12	17:00	74	9	6,20	0,0	70000	1
439	2024-08-12	10:00	17	10	4	0	200000	1
440	2024-08-12	12:00	78	10	20	0	10000	1
441	2024-08-12	14:00	50	10	19	0	50000	1
442	2024-08-12	15:00	28	10	17	0	70000	1
443	2024-08-12	16:00	21	10	15	0	230000	1
444	2024-08-12	10:00	6	11	4,5	0,0	380000	1
445	2024-08-12	13:00	5	11	14	0	120000	1
446	2024-08-12	14:00	23	11	19	0	50000	1
447	2024-08-12	15:00	59	11	7,19	0,0	110000	1
448	2024-08-12	17:00	63	11	4	0	200000	1
449	2024-08-12	18:00	5	11	5	0	180000	1
450	2024-08-13	10:00	22	1	12,14	0,0	260000	1
451	2024-08-13	12:00	31	1	4,8	0,0	416000	1
452	2024-08-13	14:00	59	1	15,16	0,0	481000	1
453	2024-08-13	17:00	72	1	8,20	0,0	169000	1
454	2024-08-13	10:00	20	2	8	0	144000	1
455	2024-08-13	11:00	16	2	11,17	0,0	324000	1
456	2024-08-13	13:00	3	2	9	0	216000	1
457	2024-08-13	14:00	77	2	3	0	216000	1
458	2024-08-13	15:00	47	2	5,14	0,0	360000	1
459	2024-08-13	18:00	16	2	3,17	0,0	300000	1
460	2024-08-13	11:00	38	3	3,8	0,0	330000	1
461	2024-08-13	13:00	11	3	14	0	132000	1
462	2024-08-13	16:00	11	3	10,17	0,0	297000	1
463	2024-08-13	10:00	16	5	2,5	0,0	330000	1
464	2024-08-13	14:00	51	5	15	0	230000	1
465	2024-08-13	16:00	68	5	18,24	0,0	80000	1
466	2024-08-13	18:00	32	5	4,10	0,0	400000	1
467	2024-08-13	10:00	53	8	24	0	30000	1
468	2024-08-13	11:00	23	8	5,20	0,0	190000	1
469	2024-08-13	14:00	14	8	6	0	60000	1
470	2024-08-13	16:00	63	8	14,20	0,0	130000	1
471	2024-08-13	18:00	1	8	20,21	0,0	25000	1
472	2024-08-13	11:00	48	9	10	0	200000	1
473	2024-08-13	12:00	44	9	15	0	230000	1
474	2024-08-13	14:00	53	9	4,10	0,0	400000	1
475	2024-08-13	16:00	59	9	6,18	0,0	110000	1
476	2024-08-13	18:00	44	9	9,19	0,0	230000	1
477	2024-08-13	10:00	9	10	13,15	0,0	330000	1
478	2024-08-13	12:00	4	10	11,17	0,0	270000	1
479	2024-08-13	15:00	68	10	10	0	200000	1
480	2024-08-13	16:00	54	10	11	0	200000	1
481	2024-08-13	17:00	34	10	25	0	25000	1
482	2024-08-13	18:00	24	10	15	0	230000	1
483	2024-08-14	11:00	72	1	10,18	0,0	325000	1
484	2024-08-14	13:00	34	1	14,17	0,0	247000	1
485	2024-08-14	15:00	38	1	11,17	0,0	351000	1
486	2024-08-14	17:00	39	1	6,24	0,0	117000	1
487	2024-08-14	19:00	16	1	20	0	13000	1
488	2024-08-14	10:00	15	2	15,16	0,0	444000	1
489	2024-08-14	16:00	80	2	6,11	0,0	312000	1
490	2024-08-14	18:00	29	2	21,23	0,0	48000	1
491	2024-08-14	11:00	5	4	18	0	50000	1
492	2024-08-14	13:00	9	4	1,8	0,0	155000	1
493	2024-08-14	15:00	74	4	21	0	15000	1
494	2024-08-14	16:00	14	4	5,23	0,0	205000	1
495	2024-08-14	18:00	65	4	3,11	0,0	380000	1
496	2024-08-14	10:00	22	5	16,18	0,0	190000	1
497	2024-08-14	12:00	34	5	5	0	180000	1
498	2024-08-14	13:00	19	5	19,20	0,0	60000	1
499	2024-08-14	15:00	76	5	3	0	180000	1
500	2024-08-14	16:00	4	5	11	0	200000	1
501	2024-08-14	17:00	50	5	7,9	0,0	240000	1
502	2024-08-14	11:00	41	6	9,13	0,0	280000	1
503	2024-08-14	15:00	58	6	23	0	25000	1
504	2024-08-14	17:00	43	6	13,25	0,0	125000	1
505	2024-08-14	10:00	45	10	12,18	0,0	130000	1
506	2024-08-14	12:00	70	10	1,4	0,0	235000	1
507	2024-08-14	14:00	23	10	11,19	0,0	250000	1
508	2024-08-14	16:00	44	10	6,21	0,0	75000	1
509	2024-08-14	10:00	27	11	8,19	0,0	170000	1
510	2024-08-14	13:00	4	11	16	0	140000	1
511	2024-08-14	15:00	26	11	15	0	230000	1
512	2024-08-14	17:00	1	11	17,21	0,0	85000	1
513	2024-08-14	19:00	7	11	17	0	70000	1
514	2024-08-15	11:00	54	1	5,17	0,0	325000	1
515	2024-08-15	14:00	29	1	12	0	104000	1
516	2024-08-15	15:00	4	1	1,9	0,0	279500	1
517	2024-08-15	17:00	1	1	14,22	1,0	208000	1
518	2024-08-15	10:00	77	2	18	0	60000	1
519	2024-08-15	12:00	61	2	1,11	0,0	282000	1
520	2024-08-15	15:00	20	2	17	0	84000	1
521	2024-08-15	16:00	68	2	11,17	0,0	324000	1
522	2024-08-15	18:00	43	2	24	0	36000	1
523	2024-08-15	19:00	29	2	12	0	96000	1
524	2024-08-15	10:00	66	4	19	0	50000	1
525	2024-08-15	11:00	44	4	12,24	0,0	110000	1
526	2024-08-15	14:00	41	4	19	0	50000	1
527	2024-08-15	15:00	11	4	3,16	0,0	320000	1
528	2024-08-15	17:00	18	4	12,23	0,0	105000	1
529	2024-08-15	19:00	51	4	1	0	35000	1
530	2024-08-15	10:00	25	6	1,3	0,0	215000	1
531	2024-08-15	13:00	20	6	9	0	180000	1
532	2024-08-15	14:00	70	6	7	0	60000	1
533	2024-08-15	16:00	47	6	7	0	60000	1
534	2024-08-15	17:00	19	6	11,18	0,0	250000	1
535	2024-08-15	10:00	80	7	2,14	0,0	270000	1
536	2024-08-15	12:00	33	7	4	0	200000	1
537	2024-08-15	13:00	48	7	14	0	120000	1
538	2024-08-15	15:00	8	7	10,17	0,0	270000	1
539	2024-08-15	17:00	20	7	6,21	0,0	75000	1
540	2024-08-15	10:00	31	9	20	0	10000	1
541	2024-08-15	11:00	76	9	3,13	0,0	280000	1
542	2024-08-15	13:00	52	9	7	0	60000	1
543	2024-08-15	14:00	21	9	16,21	0,0	155000	1
544	2024-08-15	17:00	17	9	1,5	0,0	215000	1
545	2024-08-16	10:00	15	1	17,20	0,0	104000	1
546	2024-08-16	13:00	74	1	9,11	0,0	494000	1
547	2024-08-16	16:00	15	1	12	0	104000	1
548	2024-08-16	17:00	23	1	7,9	0,0	312000	1
549	2024-08-16	10:00	25	2	2,9	0,0	396000	1
550	2024-08-16	12:00	36	2	3,6	0,0	288000	1
551	2024-08-16	14:00	58	2	16	0	168000	1
552	2024-08-16	15:00	72	2	20	0	12000	1
553	2024-08-16	16:00	68	2	14	0	144000	1
554	2024-08-16	17:00	50	2	7,21	0,0	90000	1
555	2024-08-16	10:00	24	3	4,12	0,0	308000	1
556	2024-08-16	14:00	11	3	19	0	55000	1
557	2024-08-16	15:00	16	3	14	0	132000	1
558	2024-08-16	16:00	16	3	2	0	165000	1
559	2024-08-16	17:00	56	3	6,21	0,0	82500	1
560	2024-08-16	19:00	62	3	15	0	253000	1
561	2024-08-16	10:00	54	4	5,20	0,0	190000	1
562	2024-08-16	12:00	63	4	9	0	180000	1
563	2024-08-16	13:00	66	4	2,5	0,0	330000	1
564	2024-08-16	15:00	43	4	6,9	0,0	240000	1
565	2024-08-16	18:00	39	4	9,12	0,0	260000	1
566	2024-08-16	10:00	16	6	8,11	0,0	320000	1
567	2024-08-16	12:00	33	6	21,24	0,0	45000	1
568	2024-08-16	15:00	28	6	10,20	0,0	210000	1
569	2024-08-16	17:00	58	6	24	0	30000	1
570	2024-08-16	19:00	76	6	6	0	60000	1
571	2024-08-16	10:00	44	7	8,13	0,0	220000	1
572	2024-08-16	14:00	15	7	3,4	0,0	380000	1
573	2024-08-16	16:00	14	7	16	0	140000	1
574	2024-08-16	17:00	32	7	3,15	0,0	410000	1
575	2024-08-16	11:00	39	8	7	0	60000	1
576	2024-08-16	13:00	64	8	2,4	0,0	350000	1
577	2024-08-16	15:00	35	8	3,7	0,0	240000	1
578	2024-08-16	18:00	29	8	6,9	0,0	240000	1
579	2024-08-16	10:00	22	11	22,23	0,0	45000	1
580	2024-08-16	12:00	21	11	11,13	0,0	300000	1
581	2024-08-16	15:00	1	11	6,11	0,0	260000	1
582	2024-08-16	17:00	19	11	2,13	0,0	250000	1
583	2024-08-17	10:00	78	1	13,15	0,0	429000	1
584	2024-08-17	12:00	68	1	1,11	0,0	305500	1
585	2024-08-17	14:00	2	1	10,18	0,0	325000	1
586	2024-08-17	17:00	68	1	6,19	0,0	143000	1
587	2024-08-17	10:00	7	3	3,23	0,0	225500	1
588	2024-08-17	12:00	46	3	15,19	0,0	308000	1
589	2024-08-17	14:00	23	3	8	0	132000	1
590	2024-08-17	15:00	47	3	1	0	38500	1
591	2024-08-17	16:00	77	3	6,7	0,0	132000	1
592	2024-08-17	18:00	73	3	2,6	0,0	231000	1
593	2024-08-17	10:00	49	4	3	0	180000	1
594	2024-08-17	11:00	47	4	1	0	35000	1
595	2024-08-17	12:00	80	4	1,7	0,0	95000	1
596	2024-08-17	15:00	19	4	6,10	0,0	260000	1
597	2024-08-17	18:00	23	4	1,16	0,0	175000	1
598	2024-08-17	10:00	27	5	3,24	0,0	210000	1
599	2024-08-17	13:00	62	5	5,7	0,0	240000	1
600	2024-08-17	15:00	5	5	4,22	0,0	220000	1
601	2024-08-17	17:00	72	5	2	0	150000	1
602	2024-08-17	18:00	58	5	14,19	0,0	170000	1
603	2024-08-17	12:00	4	6	16,22	0,0	160000	1
604	2024-08-17	14:00	6	6	5	0	180000	1
605	2024-08-17	17:00	67	6	17,18	0,0	120000	1
606	2024-08-17	10:00	37	7	25	0	25000	1
607	2024-08-17	14:00	55	7	7	0	60000	1
608	2024-08-17	15:00	39	7	1,10	0,0	235000	1
609	2024-08-17	17:00	60	7	7	0	60000	1
610	2024-08-17	10:00	54	8	12	0	80000	1
611	2024-08-17	12:00	58	8	2,21	0,0	165000	1
612	2024-08-17	14:00	63	8	10,14	0,0	320000	1
613	2024-08-17	16:00	35	8	23	0	25000	1
614	2024-08-17	17:00	14	8	22	0	20000	1
615	2024-08-17	10:00	50	9	24	0	30000	1
616	2024-08-17	15:00	72	9	13,16	0,0	240000	1
617	2024-08-17	17:00	20	9	3	0	180000	1
618	2024-08-17	18:00	14	9	5,19	0,0	230000	1
619	2024-08-17	10:00	48	10	6,17	0,0	130000	1
620	2024-08-17	12:00	28	10	20	0	10000	1
621	2024-08-17	13:00	5	10	8,16	0,0	260000	1
622	2024-08-17	17:00	38	10	7,23	0,0	85000	1
623	2024-08-17	10:00	14	11	10,14	0,0	320000	1
624	2024-08-17	12:00	34	11	14,19	0,0	170000	1
625	2024-08-17	14:00	17	11	5,17	0,0	250000	1
626	2024-08-17	16:00	19	11	17	0	70000	1
627	2024-08-17	17:00	61	11	16,23	0,0	165000	1
628	2024-08-17	19:00	13	11	6	0	60000	1
629	2024-08-18	10:00	12	2	6,11	0,0	312000	1
630	2024-08-18	12:00	43	2	18,24	0,0	96000	1
631	2024-08-18	14:00	23	2	17	0	84000	1
632	2024-08-18	16:00	52	2	16	0	168000	1
633	2024-08-18	11:00	23	3	2,20	0,0	176000	1
634	2024-08-18	13:00	17	3	11,17	0,0	297000	1
635	2024-08-18	15:00	71	3	7,9	0,0	264000	1
636	2024-08-18	17:00	19	3	14,18	0,0	187000	1
637	2024-08-18	11:00	50	4	11,12	0,0	280000	1
638	2024-08-18	14:00	2	4	13,17	0,0	170000	1
639	2024-08-18	16:00	43	4	17	0	70000	1
640	2024-08-18	17:00	51	4	14,25	0,0	145000	1
641	2024-08-18	10:00	28	5	9,18	0,0	230000	1
642	2024-08-18	12:00	28	5	8,20	0,0	130000	1
643	2024-08-18	17:00	37	5	14	0	120000	1
644	2024-08-18	18:00	32	5	8,13	0,0	220000	1
645	2024-08-18	10:00	10	6	10,15	0,0	430000	1
646	2024-08-18	12:00	32	6	7,17	0,0	130000	1
647	2024-08-18	14:00	36	6	14,20	0,0	130000	1
648	2024-08-18	16:00	17	6	3,4	0,0	380000	1
649	2024-08-18	10:00	1	7	14	0	120000	1
650	2024-08-18	11:00	67	7	4,20	0,0	210000	1
651	2024-08-18	13:00	11	7	2,14	0,0	270000	1
652	2024-08-18	16:00	25	7	4,16	0,0	340000	1
653	2024-08-18	10:00	68	8	1,21	0,0	50000	1
654	2024-08-18	13:00	15	8	9	0	180000	1
655	2024-08-18	14:00	34	8	13,14	0,0	220000	1
656	2024-08-18	16:00	29	8	25	0	25000	1
657	2024-08-18	17:00	28	8	18	0	50000	1
658	2024-08-18	18:00	36	8	4,8	0,0	320000	1
659	2024-08-18	10:00	63	9	3,11	0,0	380000	1
660	2024-08-18	12:00	39	9	16	0	140000	1
661	2024-08-18	13:00	55	9	6,16	0,0	200000	1
662	2024-08-18	15:00	20	9	5,22	0,0	200000	1
663	2024-08-18	10:00	55	10	10,17	0,0	270000	1
664	2024-08-18	12:00	59	10	7	0	60000	1
665	2024-08-18	13:00	39	10	14	0	120000	1
666	2024-08-18	14:00	65	10	17,22	0,0	90000	1
667	2024-08-18	16:00	50	10	18,19	0,0	100000	1
668	2024-08-18	18:00	67	10	7,20	0,0	70000	1
669	2024-08-18	11:00	74	11	1,17	0,0	105000	1
670	2024-08-18	13:00	43	11	19	0	50000	1
671	2024-08-18	14:00	76	11	1,17	0,0	105000	1
672	2024-08-18	16:00	28	11	1,16	0,0	175000	1
673	2024-08-18	18:00	8	11	5,7	0,0	240000	1
674	2024-08-19	10:00	23	1	14,23	0,0	188500	1
675	2024-08-19	12:00	5	1	2,15	0,0	494000	1
676	2024-08-19	14:00	12	1	1,6	0,0	123500	1
677	2024-08-19	16:00	6	1	7	0	78000	1
678	2024-08-19	17:00	39	1	5,10	0,0	494000	1
679	2024-08-19	10:00	42	2	4,12	0,0	336000	1
680	2024-08-19	13:00	45	2	16,20	0,0	180000	1
681	2024-08-19	15:00	38	2	9,21	0,0	234000	1
682	2024-08-19	17:00	28	2	8,18	0,0	204000	1
683	2024-08-19	19:00	77	2	18	0	60000	1
684	2024-08-19	10:00	38	3	3,15	0,0	451000	1
685	2024-08-19	13:00	75	3	9	0	198000	1
686	2024-08-19	14:00	70	3	18,21	0,0	71500	1
687	2024-08-19	17:00	7	3	22,25	0,0	49500	1
688	2024-08-19	19:00	63	3	15	0	253000	1
689	2024-08-19	10:00	7	5	1,5	0,0	215000	1
690	2024-08-19	13:00	60	5	10,23	0,0	225000	1
691	2024-08-19	15:00	8	5	4,17	0,0	270000	1
692	2024-08-19	17:00	55	5	1	0	35000	1
693	2024-08-19	18:00	33	5	2,12	0,0	230000	1
694	2024-08-19	11:00	77	7	2,6	0,0	210000	1
695	2024-08-19	15:00	15	7	7,10	0,0	260000	1
696	2024-08-19	17:00	52	7	13,19	0,0	150000	1
697	2024-08-19	19:00	78	7	2	0	150000	1
698	2024-08-19	10:00	53	8	2,16	0,0	290000	1
699	2024-08-19	13:00	17	8	7,15	0,0	290000	1
700	2024-08-19	16:00	11	8	1,2	0,0	185000	1
701	2024-08-19	18:00	15	8	1,9	0,0	215000	1
702	2024-08-19	10:00	80	9	19,23	0,0	75000	1
703	2024-08-19	12:00	76	9	4,6	0,0	260000	1
704	2024-08-19	14:00	41	9	3,25	0,0	205000	1
705	2024-08-19	10:00	70	10	24	0	30000	1
706	2024-08-19	12:00	36	10	1,7	0,0	95000	1
707	2024-08-19	14:00	80	10	12	0	80000	1
708	2024-08-19	15:00	56	10	6,9	0,0	240000	1
709	2024-08-19	17:00	16	10	5,6	0,0	240000	1
710	2024-08-19	11:00	38	11	1,8	0,0	155000	1
711	2024-08-19	13:00	26	11	10,18	0,0	250000	1
712	2024-08-19	15:00	33	11	12	0	80000	1
713	2024-08-19	18:00	73	11	3	0	180000	1
714	2024-08-19	19:00	11	11	15	0	230000	1
715	2024-08-20	10:00	36	1	4,14	0,0	416000	1
716	2024-08-20	13:00	44	1	5,20	0,0	247000	1
717	2024-08-20	15:00	22	1	8,18	0,0	221000	1
718	2024-08-20	17:00	49	1	14,25	0,0	188500	1
719	2024-08-20	19:00	51	1	2	0	195000	1
720	2024-08-20	10:00	4	2	5,6	0,0	288000	1
721	2024-08-20	12:00	51	2	14	0	144000	1
722	2024-08-20	13:00	16	2	5,20	0,0	228000	1
723	2024-08-20	16:00	15	2	1,22	0,0	66000	1
724	2024-08-20	18:00	45	2	16,22	0,0	192000	1
725	2024-08-20	10:00	31	3	1	0	38500	1
726	2024-08-20	11:00	71	3	17,25	0,0	104500	1
727	2024-08-20	14:00	30	3	8,11	0,0	352000	1
728	2024-08-20	16:00	43	3	5	0	198000	1
729	2024-08-20	17:00	9	3	15	0	253000	1
730	2024-08-20	18:00	8	3	5,24	0,0	231000	1
731	2024-08-20	10:00	25	5	2,4	0,0	350000	1
732	2024-08-20	12:00	73	5	17,22	0,0	90000	1
733	2024-08-20	14:00	69	5	7,14	0,0	180000	1
734	2024-08-20	16:00	33	5	21	0	15000	1
735	2024-08-20	18:00	11	5	3,20	0,0	190000	1
736	2024-08-20	10:00	75	8	8,21	0,0	135000	1
737	2024-08-20	13:00	26	8	20	0	10000	1
738	2024-08-20	14:00	27	8	3,25	0,0	205000	1
739	2024-08-20	16:00	21	8	10,16	0,0	340000	1
740	2024-08-20	18:00	17	8	2,4	0,0	350000	1
741	2024-08-20	10:00	9	9	9,20	0,0	190000	1
742	2024-08-20	12:00	46	9	11	0	200000	1
743	2024-08-20	13:00	14	9	14,21	0,0	135000	1
744	2024-08-20	15:00	45	9	5,15	0,0	410000	1
745	2024-08-20	17:00	64	9	4,7	0,0	260000	1
746	2024-08-20	10:00	74	10	4,17	0,0	270000	1
747	2024-08-20	12:00	8	10	10,25	0,0	225000	1
748	2024-08-20	15:00	33	10	1	0	35000	1
749	2024-08-20	19:00	77	10	14	0	120000	1
750	2024-08-21	10:00	6	1	16	0	182000	1
751	2024-08-21	11:00	75	1	13	0	130000	1
752	2024-08-21	13:00	12	1	8,12	0,0	260000	1
753	2024-08-21	15:00	71	1	16,22	0,0	208000	1
754	2024-08-21	17:00	4	1	4,12	0,0	364000	1
755	2024-08-21	11:00	54	2	7,15	0,0	348000	1
756	2024-08-21	13:00	36	2	18,21	0,0	78000	1
757	2024-08-21	16:00	76	2	6,9	0,0	288000	1
758	2024-08-21	18:00	79	2	7	0	72000	1
759	2024-08-21	10:00	65	4	11	0	200000	1
760	2024-08-21	12:00	42	4	9,16	0,0	320000	1
761	2024-08-21	14:00	25	4	5,11	0,0	380000	1
762	2024-08-21	16:00	62	4	6,15	0,0	290000	1
763	2024-08-21	18:00	76	4	5,8	0,0	300000	1
764	2024-08-21	10:00	72	5	1,10	0,0	235000	1
765	2024-08-21	13:00	52	5	8	0	120000	1
766	2024-08-21	15:00	51	5	18	0	50000	1
767	2024-08-21	17:00	55	5	5,20	0,0	190000	1
768	2024-08-21	10:00	56	6	6	0	60000	1
769	2024-08-21	11:00	60	6	9	0	180000	1
770	2024-08-21	12:00	65	6	6,22	0,0	80000	1
771	2024-08-21	15:00	55	6	10,18	0,0	250000	1
772	2024-08-21	17:00	66	6	14	0	120000	1
773	2024-08-21	18:00	26	6	16,22	0,0	160000	1
774	2024-08-21	11:00	13	10	6	0	60000	1
775	2024-08-21	12:00	25	10	11,14	0,0	320000	1
776	2024-08-21	14:00	46	10	14,15	0,0	350000	1
777	2024-08-21	17:00	73	10	4,16	0,0	340000	1
778	2024-08-21	10:00	52	11	16,25	0,0	165000	1
779	2024-08-21	18:00	34	11	13,14	0,0	220000	1
780	2024-08-22	10:00	53	1	1,2	0,0	240500	1
781	2024-08-22	12:00	38	1	6,9	0,0	312000	1
782	2024-08-22	14:00	39	1	8,12	0,0	260000	1
783	2024-08-22	16:00	73	1	4,6	0,0	338000	1
784	2024-08-22	18:00	39	1	3,7	0,0	312000	1
785	2024-08-22	10:00	64	2	4,15	0,0	516000	1
786	2024-08-22	12:00	35	2	1,19	0,0	102000	1
787	2024-08-22	14:00	15	2	4,13	0,0	360000	1
788	2024-08-22	16:00	5	2	7	0	72000	1
789	2024-08-22	17:00	77	2	12,17	0,0	180000	1
790	2024-08-22	11:00	52	4	6,20	0,0	70000	1
791	2024-08-22	13:00	11	4	3	0	180000	1
792	2024-08-22	14:00	18	4	7,17	0,0	130000	1
793	2024-08-22	16:00	10	4	3,11	0,0	380000	1
794	2024-08-22	18:00	55	4	15,18	0,0	280000	1
795	2024-08-22	10:00	54	6	7,16	0,0	200000	1
796	2024-08-22	12:00	24	6	17	0	70000	1
797	2024-08-22	13:00	2	6	10	0	200000	1
798	2024-08-22	16:00	77	6	4	0	200000	1
799	2024-08-22	18:00	22	6	11	0	200000	1
800	2024-08-22	19:00	52	6	18	0	50000	1
801	2024-08-22	11:00	13	7	1,15	0,0	265000	1
802	2024-08-22	13:00	76	7	1,4	0,0	235000	1
803	2024-08-22	15:00	54	7	8	0	120000	1
804	2024-08-22	16:00	7	7	4	0	200000	1
805	2024-08-22	17:00	73	7	9,13	0,0	280000	1
806	2024-08-22	19:00	78	7	12	0	80000	1
807	2024-08-22	11:00	49	9	11	0	200000	1
808	2024-08-22	12:00	45	9	1,24	0,0	65000	1
809	2024-08-22	14:00	5	9	11,21	0,0	215000	1
810	2024-08-22	17:00	19	9	6,20	0,0	70000	1
811	2024-08-22	19:00	54	9	16	0	140000	1
812	2024-08-23	11:00	18	1	10	0	260000	1
813	2024-08-23	12:00	51	1	2,5	0,0	429000	1
814	2024-08-23	14:00	13	1	4,6	0,0	338000	1
815	2024-08-23	17:00	2	1	1,7	0,0	123500	1
816	2024-08-23	10:00	16	2	19,20	0,0	72000	1
817	2024-08-23	13:00	55	2	18	0	60000	1
818	2024-08-23	15:00	44	2	1,25	0,0	72000	1
819	2024-08-23	18:00	48	2	10,20	0,0	252000	1
820	2024-08-23	10:00	71	3	3,12	0,0	286000	1
821	2024-08-23	13:00	25	3	14,25	0,0	159500	1
822	2024-08-23	16:00	18	3	6	0	66000	1
823	2024-08-23	17:00	74	3	12,15	0,0	341000	1
824	2024-08-23	10:00	27	4	20,22	0,0	30000	1
825	2024-08-23	12:00	30	4	6,17	0,0	130000	1
826	2024-08-23	14:00	8	4	6,9	0,0	240000	1
827	2024-08-23	18:00	22	4	4,16	0,0	340000	1
828	2024-08-23	11:00	73	6	21,24	0,0	45000	1
829	2024-08-23	15:00	68	6	7,13	0,0	160000	1
830	2024-08-23	17:00	10	6	24	0	30000	1
831	2024-08-23	18:00	5	6	18	0	50000	1
832	2024-08-23	19:00	32	6	24	0	30000	1
833	2024-08-23	11:00	10	7	5,14	0,0	300000	1
834	2024-08-23	13:00	60	7	6	0	60000	1
835	2024-08-23	14:00	64	7	14	0	120000	1
836	2024-08-23	15:00	31	7	5,6	0,0	240000	1
837	2024-08-23	17:00	18	7	7,22	0,0	80000	1
838	2024-08-23	10:00	62	8	9,11	0,0	380000	1
839	2024-08-23	13:00	20	8	5,8	0,0	300000	1
840	2024-08-23	15:00	30	8	3,10	0,0	380000	1
841	2024-08-23	17:00	22	8	2,8	0,0	270000	1
842	2024-08-23	10:00	38	11	20	0	10000	1
843	2024-08-23	11:00	51	11	4,15	0,0	430000	1
844	2024-08-23	16:00	68	11	1,10	0,0	235000	1
845	2024-08-23	18:00	15	11	19	0	50000	1
846	2024-08-24	10:00	66	1	4,9	0,0	494000	1
847	2024-08-24	13:00	43	1	2,21	0,0	214500	1
848	2024-08-24	16:00	18	1	5,10	0,0	494000	1
849	2024-08-24	18:00	31	1	18	0	65000	1
850	2024-08-24	11:00	65	3	8,22	0,0	154000	1
851	2024-08-24	13:00	44	3	6,7	0,0	132000	1
852	2024-08-24	15:00	14	3	1,2	0,0	203500	1
853	2024-08-24	17:00	80	3	9,17	0,0	275000	1
854	2024-08-24	19:00	27	3	18	0	55000	1
855	2024-08-24	10:00	63	4	3,4	0,0	380000	1
856	2024-08-24	12:00	22	4	11	0	200000	1
857	2024-08-24	14:00	47	4	1	0	35000	1
858	2024-08-24	15:00	80	4	2	0	150000	1
859	2024-08-24	18:00	62	4	1,4	0,0	235000	1
860	2024-08-24	10:00	18	5	12,19	0,0	130000	1
861	2024-08-24	12:00	34	5	7,16	0,0	200000	1
862	2024-08-24	14:00	62	5	7	0	60000	1
863	2024-08-24	15:00	39	5	13	0	100000	1
864	2024-08-24	16:00	37	5	5,16	0,0	320000	1
865	2024-08-24	10:00	26	6	17,18	0,0	120000	1
866	2024-08-24	12:00	30	6	2,12	0,0	230000	1
867	2024-08-24	17:00	23	6	7,22	0,0	80000	1
868	2024-08-24	11:00	44	7	4,23	0,0	225000	1
869	2024-08-24	13:00	78	7	8	0	120000	1
870	2024-08-24	14:00	39	7	6,21	0,0	75000	1
871	2024-08-24	16:00	17	7	11	0	200000	1
872	2024-08-24	17:00	41	7	15	0	230000	1
873	2024-08-24	10:00	20	8	15,23	0,0	255000	1
874	2024-08-24	12:00	36	8	10	0	200000	1
875	2024-08-24	13:00	52	8	2	0	150000	1
876	2024-08-24	15:00	43	8	1,5	0,0	215000	1
877	2024-08-24	17:00	51	8	6,19	0,0	110000	1
878	2024-08-24	19:00	34	8	6	0	60000	1
879	2024-08-24	10:00	80	9	6,10	0,0	260000	1
880	2024-08-24	12:00	48	9	15	0	230000	1
881	2024-08-24	13:00	14	9	25	0	25000	1
882	2024-08-24	14:00	20	9	10,22	0,0	220000	1
883	2024-08-24	16:00	32	9	21	0	15000	1
884	2024-08-24	18:00	76	9	17,24	0,0	100000	1
885	2024-08-24	10:00	70	10	16,18	0,0	190000	1
886	2024-08-24	12:00	44	10	12	0	80000	1
887	2024-08-24	14:00	29	10	9	0	180000	1
888	2024-08-24	15:00	13	10	10,15	0,0	430000	1
889	2024-08-24	17:00	36	10	5,6	0,0	240000	1
890	2024-08-24	10:00	43	11	6,14	0,0	180000	1
891	2024-08-24	12:00	39	11	5,17	0,0	250000	1
892	2024-08-24	15:00	2	11	4,14	0,0	320000	1
893	2024-08-24	17:00	34	11	3,10	0,0	380000	1
899	2024-08-25	10:00	72	3	14,22	0,0	154000	1
907	2024-08-25	10:00	13	5	15	0	230000	1
910	2024-08-25	10:00	79	6	14	0	120000	1
915	2024-08-25	10:00	18	7	5,12	0,0	260000	1
921	2024-08-25	10:00	14	8	3,23	0,0	205000	1
926	2024-08-25	10:00	19	9	8,10	0,0	320000	1
932	2024-08-25	10:00	47	10	25	0	25000	1
939	2024-08-25	10:00	33	11	2,25	0,0	175000	1
903	2024-08-25	11:00	30	4	10	0	200000	1
933	2024-08-25	11:00	78	10	15,24	0,0	260000	1
894	2024-08-25	12:00	41	2	12	0	96000	1
904	2024-08-25	12:00	16	4	23	0	25000	1
908	2024-08-25	12:00	21	5	9	0	180000	1
911	2024-08-25	12:00	22	6	12,17	0,0	150000	1
922	2024-08-25	12:00	34	8	3	0	180000	1
927	2024-08-25	12:00	19	9	7,22	0,0	80000	1
940	2024-08-25	12:00	77	11	6,11	0,0	260000	1
895	2024-08-25	13:00	32	2	18	0	60000	0
905	2024-08-25	13:00	71	4	2,16	0,0	290000	0
916	2024-08-25	13:00	11	7	10	0	200000	0
923	2024-08-25	13:00	55	8	5,18	0,0	230000	0
934	2024-08-25	13:00	44	10	1,23	0,0	60000	0
900	2024-08-25	14:00	75	3	12,16	0,0	242000	0
917	2024-08-25	14:00	48	7	8,9	0,0	300000	0
928	2024-08-25	14:00	26	9	22	0	20000	0
896	2024-08-25	15:00	70	2	11	0	240000	0
906	2024-08-25	15:00	71	4	16,23	0,0	165000	0
912	2024-08-25	15:00	39	6	24	0	30000	0
924	2024-08-25	15:00	35	8	4,22	0,0	220000	0
929	2024-08-25	15:00	22	9	20	0	10000	0
935	2024-08-25	15:00	66	10	15	0	230000	0
941	2024-08-25	15:00	2	11	11	0	200000	0
901	2024-08-25	16:00	2	3	8	0	132000	0
909	2024-08-25	16:00	50	5	9,20	0,0	190000	0
918	2024-08-25	16:00	72	7	25	0	25000	0
930	2024-08-25	16:00	33	9	5,22	0,0	200000	0
936	2024-08-25	16:00	15	10	18	0	50000	0
942	2024-08-25	16:00	1	11	14,20	0,0	130000	0
897	2024-08-25	17:00	14	2	18	0	60000	0
902	2024-08-25	17:00	38	3	5,10	0,0	418000	0
913	2024-08-25	17:00	75	6	23	0	25000	0
919	2024-08-25	17:00	64	7	22	0	20000	0
937	2024-08-25	17:00	28	10	18	0	50000	0
898	2024-08-25	18:00	74	2	11,16	0,0	408000	0
914	2024-08-25	18:00	19	6	23	0	25000	0
920	2024-08-25	18:00	29	7	9,14	0,0	300000	0
925	2024-08-25	18:00	25	8	7,12	0,0	140000	0
931	2024-08-25	18:00	20	9	8	0	120000	0
938	2024-08-25	18:00	67	10	18	0	50000	0
943	2024-08-25	18:00	27	11	3,5	0,0	360000	0
944	2024-08-26	10:00	16	1	12	0	104000	0
950	2024-08-26	10:00	24	2	20,22	0,0	36000	0
960	2024-08-26	10:00	28	5	15,18	0,0	280000	0
964	2024-08-26	10:00	31	7	13	0	100000	0
969	2024-08-26	10:00	5	8	9,11	0,0	380000	0
973	2024-08-26	10:00	70	9	12,24	0,0	110000	0
982	2024-08-26	10:00	40	11	13,16	0,0	240000	0
945	2024-08-26	11:00	26	1	1,25	0,0	78000	0
955	2024-08-26	11:00	10	3	25	0	27500	0
977	2024-08-26	11:00	18	10	19	0	50000	0
951	2024-08-26	12:00	56	2	5,7	0,0	288000	0
961	2024-08-26	12:00	25	5	6	0	60000	0
970	2024-08-26	12:00	59	8	1,20	0,0	45000	0
946	2024-08-26	13:00	8	1	2,7	0,0	273000	0
956	2024-08-26	13:00	74	3	24	0	33000	0
962	2024-08-26	13:00	46	5	16,20	0,0	150000	0
965	2024-08-26	13:00	17	7	11	0	200000	0
974	2024-08-26	13:00	67	9	15,23	0,0	255000	0
983	2024-08-26	13:00	16	11	17	0	70000	0
957	2024-08-26	14:00	27	3	2,10	0,0	385000	0
966	2024-08-26	14:00	36	7	18	0	50000	0
978	2024-08-26	14:00	28	10	14,16	0,0	260000	0
984	2024-08-26	14:00	44	11	7,21	0,0	75000	0
947	2024-08-26	15:00	62	1	16	0	182000	0
952	2024-08-26	15:00	48	2	12,22	0,0	120000	0
967	2024-08-26	15:00	50	7	11,17	0,0	270000	0
971	2024-08-26	15:00	7	8	22	0	20000	0
975	2024-08-26	15:00	25	9	4	0	200000	0
958	2024-08-26	16:00	26	3	10,16	0,0	374000	0
948	2024-08-26	17:00	37	1	22	0	26000	0
953	2024-08-26	17:00	44	2	8,10	0,0	384000	0
963	2024-08-26	17:00	64	5	9,17	0,0	250000	0
968	2024-08-26	17:00	9	7	7	0	60000	0
972	2024-08-26	17:00	19	8	7,18	0,0	110000	0
976	2024-08-26	17:00	72	9	13,17	0,0	170000	0
979	2024-08-26	17:00	21	10	17	0	70000	0
949	2024-08-26	18:00	67	1	4,18	0,0	325000	0
959	2024-08-26	18:00	72	3	23,25	0,0	55000	0
980	2024-08-26	18:00	18	10	8	0	120000	0
954	2024-08-26	19:00	44	2	9	0	216000	0
981	2024-08-26	19:00	38	10	12	0	80000	0
989	2024-08-27	10:00	57	2	11,20	0,0	252000	0
993	2024-08-27	10:00	46	3	1,11	0,0	258500	0
998	2024-08-27	10:00	14	5	22,24	0,0	50000	0
1003	2024-08-27	10:00	12	8	22	0	20000	0
1009	2024-08-27	10:00	52	9	7,20	0,0	70000	0
985	2024-08-27	11:00	56	1	12,13	0,0	234000	0
1004	2024-08-27	11:00	24	8	4,20	0,0	210000	0
1012	2024-08-27	11:00	41	10	1	0	35000	0
994	2024-08-27	12:00	53	3	25	0	27500	0
990	2024-08-27	13:00	56	2	1,7	0,0	114000	0
995	2024-08-27	13:00	49	3	7,13	0,0	176000	0
1005	2024-08-27	13:00	64	8	15,17	0,0	300000	0
1013	2024-08-27	13:00	61	10	6	0	60000	0
986	2024-08-27	14:00	57	1	10,13	0,0	390000	0
999	2024-08-27	14:00	45	5	6,8	0,0	180000	0
1014	2024-08-27	14:00	67	10	7	0	60000	0
991	2024-08-27	15:00	54	2	22	0	24000	0
1006	2024-08-27	15:00	43	8	4,18	0,0	250000	0
1015	2024-08-27	15:00	55	10	4	0	200000	0
992	2024-08-27	16:00	37	2	2,8	0,0	324000	0
996	2024-08-27	16:00	17	3	3,8	0,0	330000	0
1000	2024-08-27	16:00	67	5	1	0	35000	0
1010	2024-08-27	16:00	4	9	1,25	0,0	60000	0
1016	2024-08-27	16:00	76	10	4	0	200000	0
987	2024-08-27	17:00	47	1	12,17	0,0	195000	0
1001	2024-08-27	17:00	13	5	20	0	10000	0
1007	2024-08-27	17:00	55	8	2,4	0,0	350000	0
1017	2024-08-27	17:00	22	10	11,18	0,0	250000	0
997	2024-08-27	18:00	4	3	4,17	0,0	297000	0
1002	2024-08-27	18:00	63	5	11,17	0,0	270000	0
1011	2024-08-27	18:00	13	9	10,18	0,0	250000	0
988	2024-08-27	19:00	21	1	7	0	78000	0
1008	2024-08-27	19:00	30	8	16	0	140000	0
1018	2024-08-27	19:00	26	10	6	0	60000	0
1019	2024-08-28	10:00	67	1	8,11	0,0	416000	0
1029	2024-08-28	10:00	40	4	8	0	120000	0
1034	2024-08-28	10:00	41	5	9,14	0,0	300000	0
1038	2024-08-28	10:00	75	6	6,21	0,0	75000	0
1043	2024-08-28	10:00	47	10	13,15	0,0	330000	0
1047	2024-08-28	10:00	46	11	13,14	0,0	220000	0
1024	2024-08-28	11:00	43	2	18,21	0,0	78000	0
1030	2024-08-28	11:00	6	4	3,23	0,0	205000	0
1020	2024-08-28	12:00	30	1	23	0	32500	0
1035	2024-08-28	12:00	68	5	23	0	25000	0
1039	2024-08-28	12:00	18	6	20	0	10000	0
1025	2024-08-28	13:00	7	2	5,21	0,0	234000	0
1031	2024-08-28	13:00	79	4	9,18	0,0	230000	0
1036	2024-08-28	13:00	15	5	10,11	0,0	400000	0
1040	2024-08-28	13:00	40	6	2,9	0,0	330000	0
1044	2024-08-28	13:00	41	10	21	0	15000	0
1048	2024-08-28	13:00	17	11	7,22	0,0	80000	0
1021	2024-08-28	14:00	67	1	8	0	156000	0
1045	2024-08-28	14:00	70	10	2,23	0,0	175000	0
1022	2024-08-28	15:00	69	1	3,7	0,0	312000	0
1032	2024-08-28	15:00	67	4	4,14	0,0	320000	0
1041	2024-08-28	15:00	15	6	10,12	0,0	280000	0
1049	2024-08-28	15:00	23	11	16,18	0,0	190000	0
1026	2024-08-28	16:00	24	2	8	0	144000	0
1037	2024-08-28	16:00	12	5	20,24	0,0	40000	0
1046	2024-08-28	16:00	23	10	1,11	0,0	235000	0
1027	2024-08-28	17:00	49	2	6,15	0,0	348000	0
1033	2024-08-28	17:00	38	4	7,9	0,0	240000	0
1042	2024-08-28	17:00	24	6	9	0	180000	0
1023	2024-08-28	18:00	35	1	13,24	0,0	169000	0
1028	2024-08-28	19:00	53	2	10	0	240000	0
1050	2024-08-29	10:00	72	1	3,22	0,0	260000	0
1051	2024-08-29	14:00	27	1	9,13	0,0	364000	0
1052	2024-08-29	16:00	30	1	6	0	78000	0
1053	2024-08-29	18:00	57	1	6,8	0,0	234000	0
1054	2024-08-29	11:00	18	2	12,14	0,0	240000	0
1055	2024-08-29	13:00	18	2	8	0	144000	0
1056	2024-08-29	14:00	35	2	17	0	84000	0
1057	2024-08-29	17:00	22	2	14,15	0,0	420000	0
1058	2024-08-29	10:00	78	4	9,22	0,0	200000	0
1059	2024-08-29	12:00	69	4	25	0	25000	0
1060	2024-08-29	13:00	39	4	13,14	0,0	220000	0
1061	2024-08-29	17:00	41	4	10,16	0,0	340000	0
1062	2024-08-29	10:00	27	6	1	0	35000	0
1063	2024-08-29	12:00	47	6	14,20	0,0	130000	0
1064	2024-08-29	14:00	70	6	8,21	0,0	135000	0
1065	2024-08-29	16:00	16	6	3,22	0,0	200000	0
1066	2024-08-29	18:00	49	6	10,15	0,0	430000	0
1067	2024-08-29	10:00	3	7	2	0	150000	0
1068	2024-08-29	11:00	14	7	10,18	0,0	250000	0
1069	2024-08-29	13:00	22	7	8,17	0,0	190000	0
1070	2024-08-29	16:00	23	7	10,12	0,0	280000	0
1071	2024-08-29	18:00	40	7	4	0	200000	0
1072	2024-08-29	10:00	43	9	16,18	0,0	190000	0
1073	2024-08-29	12:00	67	9	9	0	180000	0
1074	2024-08-29	13:00	1	9	4	0	200000	0
1075	2024-08-29	15:00	76	9	14,15	0,0	350000	0
1076	2024-08-29	17:00	55	9	2,13	0,0	250000	0
1081	2024-08-30	10:00	64	2	7,21	0,0	90000	0
1089	2024-08-30	10:00	46	4	9,10	0,0	380000	0
1094	2024-08-30	10:00	56	6	4,19	0,0	250000	0
1099	2024-08-30	10:00	21	7	7,10	0,0	260000	0
1103	2024-08-30	10:00	13	8	3,24	0,0	210000	0
1077	2024-08-30	11:00	28	1	17	0	91000	0
1086	2024-08-30	11:00	44	3	14,16	0,0	286000	0
1108	2024-08-30	11:00	68	11	2	0	150000	0
1078	2024-08-30	12:00	12	1	4	0	260000	0
1082	2024-08-30	12:00	61	2	8,15	0,0	420000	0
1095	2024-08-30	12:00	16	6	15,18	0,0	280000	0
1100	2024-08-30	12:00	3	7	4	0	200000	0
1104	2024-08-30	12:00	15	8	2,5	0,0	330000	0
1109	2024-08-30	12:00	21	11	2,10	0,0	350000	0
1079	2024-08-30	13:00	77	1	6,13	0,0	208000	0
1101	2024-08-30	13:00	62	7	11,18	0,0	250000	0
1083	2024-08-30	14:00	53	2	15,23	0,0	306000	0
1087	2024-08-30	14:00	38	3	22,23	0,0	49500	0
1090	2024-08-30	14:00	70	4	2,13	0,0	250000	0
1096	2024-08-30	14:00	37	6	2,23	0,0	175000	0
1105	2024-08-30	14:00	61	8	9	0	180000	0
1110	2024-08-30	14:00	73	11	11,16	0,0	340000	0
1084	2024-08-30	16:00	71	2	16,20	0,0	180000	0
1106	2024-08-30	16:00	50	8	3	0	180000	0
1111	2024-08-30	16:00	63	11	7,8	0,0	180000	0
1088	2024-08-30	17:00	36	3	8	0	132000	0
1091	2024-08-30	17:00	72	4	10	0	200000	0
1097	2024-08-30	17:00	60	6	11,20	0,0	210000	0
1102	2024-08-30	17:00	43	7	4,12	0,0	280000	0
1080	2024-08-30	18:00	70	1	3,8	0,0	390000	0
1085	2024-08-30	18:00	75	2	2,4	0,0	420000	0
1092	2024-08-30	18:00	7	4	8	0	120000	0
1107	2024-08-30	18:00	26	8	2,7	0,0	210000	0
1112	2024-08-30	18:00	32	11	2,13	0,0	250000	0
1093	2024-08-30	19:00	2	4	7	0	60000	0
1098	2024-08-30	19:00	79	6	20	0	10000	0
1113	2024-08-31	10:00	39	1	3	0	234000	0
1117	2024-08-31	10:00	51	3	1,6	0,0	104500	0
1126	2024-08-31	10:00	19	5	21	0	15000	0
1133	2024-08-31	10:00	67	6	16,22	0,0	160000	0
1139	2024-08-31	10:00	49	7	11	0	200000	0
1148	2024-08-31	10:00	48	9	8,20	0,0	130000	0
1158	2024-08-31	10:00	17	11	2	0	150000	0
1121	2024-08-31	11:00	69	4	8	0	120000	0
1140	2024-08-31	11:00	15	7	6,9	0,0	240000	0
1144	2024-08-31	11:00	74	8	18	0	50000	0
1153	2024-08-31	11:00	67	10	4,10	0,0	400000	0
1118	2024-08-31	12:00	68	3	7,12	0,0	154000	0
1122	2024-08-31	12:00	66	4	5,9	0,0	360000	0
1127	2024-08-31	12:00	10	5	23	0	25000	0
1134	2024-08-31	12:00	78	6	3,25	0,0	205000	0
1145	2024-08-31	12:00	70	8	2,14	0,0	270000	0
1149	2024-08-31	12:00	75	9	17,19	0,0	120000	0
1114	2024-08-31	13:00	5	1	12	0	104000	0
1141	2024-08-31	13:00	71	7	19,23	0,0	75000	0
1154	2024-08-31	13:00	69	10	6	0	60000	0
1115	2024-08-31	14:00	43	1	7,16	0,0	260000	0
1123	2024-08-31	14:00	38	4	14	0	120000	0
1128	2024-08-31	14:00	13	5	1,18	0,0	85000	0
1135	2024-08-31	14:00	9	6	17,22	0,0	90000	0
1146	2024-08-31	14:00	4	8	2,5	0,0	330000	0
1150	2024-08-31	14:00	21	9	14,17	0,0	190000	0
1155	2024-08-31	14:00	75	10	8,9	0,0	300000	0
1159	2024-08-31	14:00	5	11	2,20	0,0	160000	0
1119	2024-08-31	15:00	39	3	15	0	253000	0
1124	2024-08-31	15:00	22	4	7	0	60000	0
1142	2024-08-31	15:00	74	7	8,9	0,0	300000	0
1116	2024-08-31	16:00	30	1	18,20	0,0	78000	0
1129	2024-08-31	16:00	12	5	8	0	120000	0
1136	2024-08-31	16:00	40	6	13	0	100000	0
1151	2024-08-31	16:00	43	9	7	0	60000	0
1156	2024-08-31	16:00	57	10	16	0	140000	0
1160	2024-08-31	16:00	24	11	2,5	0,0	330000	0
1120	2024-08-31	17:00	76	3	6,10	0,0	286000	0
1125	2024-08-31	17:00	17	4	11,15	0,0	430000	0
1130	2024-08-31	17:00	37	5	11	0	200000	0
1137	2024-08-31	17:00	10	6	13	0	100000	0
1143	2024-08-31	17:00	72	7	16,22	0,0	160000	0
1147	2024-08-31	17:00	6	8	1	0	35000	0
1157	2024-08-31	17:00	7	10	7,10	0,0	260000	0
1131	2024-08-31	18:00	36	5	22	0	20000	0
1138	2024-08-31	18:00	67	6	16	0	140000	0
1152	2024-08-31	18:00	6	9	10,13	0,0	300000	0
1161	2024-08-31	18:00	40	11	1	0	35000	0
1132	2024-08-31	19:00	63	5	17	0	70000	0
1162	2024-09-01	10:00	56	2	10,18	0,0	300000	0
1166	2024-09-01	10:00	2	3	10,18	0,0	275000	0
1171	2024-09-01	10:00	45	4	7,9	0,0	240000	0
1174	2024-09-01	10:00	28	5	2,25	0,0	175000	0
1180	2024-09-01	10:00	63	6	3,11	0,0	380000	0
1185	2024-09-01	10:00	62	7	20	0	10000	0
1189	2024-09-01	10:00	69	8	3,14	0,0	300000	0
1199	2024-09-01	10:00	73	10	4,18	0,0	250000	0
1186	2024-09-01	11:00	10	7	19,25	0,0	75000	0
1194	2024-09-01	11:00	65	9	6	0	60000	0
1202	2024-09-01	11:00	77	11	20,24	0,0	40000	0
1163	2024-09-01	12:00	61	2	20,23	0,0	42000	0
1167	2024-09-01	12:00	72	3	21	0	16500	0
1175	2024-09-01	12:00	13	5	8	0	120000	0
1181	2024-09-01	12:00	78	6	12,13	0,0	180000	0
1190	2024-09-01	12:00	77	8	7,12	0,0	140000	0
1195	2024-09-01	12:00	51	9	21	0	15000	0
1176	2024-09-01	13:00	23	5	10,15	0,0	430000	0
1203	2024-09-01	13:00	27	11	4,17	0,0	270000	0
1164	2024-09-01	14:00	2	2	4,18	0,0	300000	0
1168	2024-09-01	14:00	19	3	2,6	0,0	231000	0
1172	2024-09-01	14:00	6	4	13,16	0,0	240000	0
1182	2024-09-01	14:00	48	6	7,10	0,0	260000	0
1187	2024-09-01	14:00	71	7	10,13	0,0	300000	0
1191	2024-09-01	14:00	26	8	6,12	0,0	140000	0
1196	2024-09-01	14:00	34	9	21,24	0,0	45000	0
1177	2024-09-01	15:00	29	5	4	0	200000	0
1165	2024-09-01	16:00	58	2	21,24	0,0	54000	0
1169	2024-09-01	16:00	70	3	20	0	11000	0
1178	2024-09-01	16:00	53	5	21	0	15000	0
1188	2024-09-01	16:00	16	7	13,19	0,0	150000	0
1192	2024-09-01	16:00	42	8	14,18	0,0	170000	0
1200	2024-09-01	16:00	20	10	7,24	0,0	90000	0
1204	2024-09-01	16:00	9	11	5,17	0,0	250000	0
1170	2024-09-01	17:00	49	3	10,18	0,0	275000	0
1173	2024-09-01	17:00	37	4	12,16	0,0	220000	0
1179	2024-09-01	17:00	48	5	11,12	0,0	280000	0
1183	2024-09-01	17:00	11	6	12,15	0,0	310000	0
1197	2024-09-01	17:00	73	9	5	0	180000	0
1193	2024-09-01	18:00	12	8	5	0	180000	0
1198	2024-09-01	18:00	63	9	1,14	0,0	155000	0
1201	2024-09-01	18:00	10	10	10	0	200000	0
1184	2024-09-01	19:00	18	6	11	0	200000	0
1205	2024-09-02	10:00	12	1	12	0	104000	0
1209	2024-09-02	10:00	36	2	25	0	30000	0
1213	2024-09-02	10:00	17	3	17,18	0,0	132000	0
1218	2024-09-02	10:00	72	5	6,9	0,0	240000	0
1223	2024-09-02	10:00	54	7	3,17	0,0	250000	0
1227	2024-09-02	10:00	41	8	11,25	0,0	225000	0
1232	2024-09-02	10:00	19	9	3,8	0,0	300000	0
1236	2024-09-02	10:00	62	10	5	0	180000	0
1240	2024-09-02	10:00	65	11	10,23	0,0	225000	0
1206	2024-09-02	11:00	74	1	15	0	299000	0
1237	2024-09-02	11:00	1	10	6,8	0,0	180000	0
1210	2024-09-02	12:00	35	2	4,8	0,0	384000	0
1219	2024-09-02	12:00	15	5	16,24	0,0	170000	0
1228	2024-09-02	12:00	2	8	8,17	0,0	190000	0
1233	2024-09-02	12:00	45	9	10,16	0,0	340000	0
1238	2024-09-02	13:00	15	10	18,20	0,0	60000	0
1241	2024-09-02	13:00	19	11	15	0	230000	0
1214	2024-09-02	14:00	36	3	14,19	0,0	187000	0
1220	2024-09-02	14:00	2	5	4,13	0,0	300000	0
1224	2024-09-02	14:00	55	7	7,15	0,0	290000	0
1234	2024-09-02	14:00	13	9	18	0	50000	0
1242	2024-09-02	14:00	40	11	3	0	180000	0
1207	2024-09-02	15:00	58	1	1,13	0,0	175500	0
1211	2024-09-02	15:00	18	2	11,19	0,0	300000	0
1215	2024-09-02	16:00	43	3	15	0	253000	0
1221	2024-09-02	16:00	77	5	24	0	30000	0
1229	2024-09-02	16:00	75	8	5,15	0,0	410000	0
1243	2024-09-02	16:00	23	11	21	0	15000	0
1216	2024-09-02	17:00	29	3	8	0	132000	0
1225	2024-09-02	17:00	11	7	20	0	10000	0
1235	2024-09-02	17:00	16	9	7,8	0,0	180000	0
1239	2024-09-02	17:00	52	10	2,7	0,0	210000	0
1244	2024-09-02	17:00	49	11	5,23	0,0	205000	0
1208	2024-09-02	18:00	9	1	4,13	0,0	390000	0
1212	2024-09-02	18:00	80	2	2,8	0,0	324000	0
1222	2024-09-02	18:00	10	5	20,23	0,0	35000	0
1226	2024-09-02	18:00	54	7	12	0	80000	0
1230	2024-09-02	18:00	49	8	25	0	25000	0
1217	2024-09-02	19:00	10	3	9	0	198000	0
1231	2024-09-02	19:00	9	8	22	0	20000	0
1245	2024-09-03	10:00	10	1	15	0	299000	0
1250	2024-09-03	10:00	20	2	13,15	0,0	396000	0
1255	2024-09-03	10:00	11	3	9	0	198000	0
1259	2024-09-03	10:00	38	5	10	0	200000	0
1264	2024-09-03	10:00	73	8	14,15	0,0	350000	0
1268	2024-09-03	10:00	53	9	22	0	20000	0
1273	2024-09-03	10:00	3	10	4,6	0,0	260000	0
1246	2024-09-03	11:00	21	1	18	0	65000	0
1260	2024-09-03	11:00	4	5	8	0	120000	0
1269	2024-09-03	11:00	37	9	1,6	0,0	95000	0
1261	2024-09-03	12:00	52	5	12	0	80000	0
1274	2024-09-03	12:00	79	10	16,23	0,0	165000	0
1251	2024-09-03	13:00	16	2	13,24	0,0	156000	0
1262	2024-09-03	13:00	75	5	1,4	0,0	235000	0
1265	2024-09-03	13:00	51	8	21	0	15000	0
1270	2024-09-03	13:00	34	9	9,12	0,0	260000	0
1247	2024-09-03	14:00	45	1	4,15	0,0	559000	0
1256	2024-09-03	14:00	56	3	12,23	0,0	115500	0
1266	2024-09-03	14:00	74	8	7,11	0,0	260000	0
1275	2024-09-03	14:00	54	10	2	0	150000	0
1252	2024-09-03	15:00	31	2	22	0	24000	0
1248	2024-09-03	16:00	32	1	8,16	0,0	338000	0
1253	2024-09-03	16:00	55	2	7,25	0,0	102000	0
1257	2024-09-03	16:00	62	3	2,14	0,0	297000	0
1271	2024-09-03	16:00	19	9	16,24	0,0	170000	0
1267	2024-09-03	17:00	62	8	8,11	0,0	320000	0
1276	2024-09-03	17:00	23	10	21	0	15000	0
1249	2024-09-03	18:00	14	1	5,12	0,0	338000	0
1254	2024-09-03	18:00	2	2	10,15	0,0	516000	0
1258	2024-09-03	18:00	36	3	3	0	198000	0
1263	2024-09-03	18:00	42	5	9,15	0,0	410000	0
1272	2024-09-03	18:00	68	9	20	0	10000	0
1277	2024-09-03	18:00	38	10	18	0	50000	0
1283	2024-09-04	10:00	73	2	5,12	0,0	312000	0
1289	2024-09-04	10:00	47	4	25	0	25000	0
1295	2024-09-04	10:00	33	5	7	0	60000	0
1302	2024-09-04	10:00	54	6	8,11	0,0	320000	0
1278	2024-09-04	11:00	24	1	7	0	78000	0
1290	2024-09-04	11:00	66	4	25	0	25000	0
1296	2024-09-04	11:00	7	5	7	0	60000	0
1307	2024-09-04	11:00	1	10	6,14	0,0	180000	0
1312	2024-09-04	11:00	52	11	3,11	0,0	380000	0
1284	2024-09-04	12:00	57	2	7	0	72000	0
1291	2024-09-04	12:00	38	4	1,11	0,0	235000	0
1297	2024-09-04	12:00	15	5	19,20	0,0	60000	0
1279	2024-09-04	13:00	37	1	1	0	45500	0
1285	2024-09-04	13:00	45	2	15,19	0,0	336000	0
1303	2024-09-04	13:00	10	6	5,17	0,0	250000	0
1308	2024-09-04	13:00	32	10	9,12	0,0	260000	0
1313	2024-09-04	13:00	23	11	1,5	0,0	215000	0
1280	2024-09-04	14:00	70	1	12,20	0,0	117000	0
1292	2024-09-04	14:00	11	4	8,10	0,0	320000	0
1298	2024-09-04	14:00	72	5	7	0	60000	0
1286	2024-09-04	15:00	80	2	1,11	0,0	282000	0
1299	2024-09-04	15:00	46	5	24	0	30000	0
1304	2024-09-04	15:00	41	6	19	0	50000	0
1309	2024-09-04	15:00	22	10	13,14	0,0	220000	0
1281	2024-09-04	16:00	38	1	16	0	182000	0
1300	2024-09-04	16:00	69	5	6	0	60000	0
1305	2024-09-04	16:00	61	6	18	0	50000	0
1314	2024-09-04	16:00	43	11	10,11	0,0	400000	0
1282	2024-09-04	17:00	46	1	12,19	0,0	169000	0
1287	2024-09-04	17:00	58	2	9,13	0,0	336000	0
1293	2024-09-04	17:00	5	4	21	0	15000	0
1306	2024-09-04	17:00	64	6	2,7	0,0	210000	0
1310	2024-09-04	17:00	38	10	14,15	0,0	350000	0
1294	2024-09-04	18:00	55	4	6,19	0,0	110000	0
1301	2024-09-04	18:00	29	5	11,13	0,0	300000	0
1315	2024-09-04	18:00	30	11	6	0	60000	0
1288	2024-09-04	19:00	39	2	5	0	216000	0
1311	2024-09-04	19:00	1	10	3	0	180000	0
1321	2024-09-05	10:00	47	2	23	0	30000	0
1326	2024-09-05	10:00	32	4	6	0	60000	0
1338	2024-09-05	10:00	23	7	11,21	0,0	215000	0
1316	2024-09-05	11:00	36	1	17,18	0,0	156000	0
1332	2024-09-05	11:00	7	6	17,23	0,0	95000	0
1343	2024-09-05	11:00	54	9	5	0	180000	0
1322	2024-09-05	12:00	66	2	2,10	0,0	420000	0
1327	2024-09-05	12:00	64	4	21	0	15000	0
1339	2024-09-05	12:00	33	7	20	0	10000	0
1344	2024-09-05	12:00	41	9	8	0	120000	0
1317	2024-09-05	13:00	22	1	1,4	0,0	305500	0
1328	2024-09-05	13:00	15	4	9,11	0,0	380000	0
1333	2024-09-05	13:00	63	6	2	0	150000	0
1340	2024-09-05	13:00	62	7	16,17	0,0	210000	0
1323	2024-09-05	14:00	20	2	4	0	240000	0
1334	2024-09-05	14:00	26	6	7,8	0,0	180000	0
1318	2024-09-05	15:00	62	1	9	0	234000	0
1329	2024-09-05	15:00	12	4	2	0	150000	0
1341	2024-09-05	15:00	16	7	12,25	0,0	105000	0
1345	2024-09-05	15:00	71	9	7	0	60000	0
1319	2024-09-05	16:00	77	1	3,13	0,0	364000	0
1324	2024-09-05	16:00	22	2	10,13	0,0	360000	0
1330	2024-09-05	16:00	44	4	9,25	0,0	205000	0
1335	2024-09-05	16:00	67	6	6	0	60000	0
1346	2024-09-05	16:00	76	9	15,19	0,0	280000	0
1336	2024-09-05	17:00	26	6	23	0	25000	0
1320	2024-09-05	18:00	17	1	2,22	0,0	221000	0
1325	2024-09-05	18:00	49	2	11,13	0,0	360000	0
1331	2024-09-05	18:00	13	4	25	0	25000	0
1337	2024-09-05	18:00	7	6	3,21	0,0	195000	0
1342	2024-09-05	18:00	25	7	4,12	0,0	280000	0
1347	2024-09-05	18:00	5	9	7,14	0,0	180000	0
1353	2024-09-06	10:00	42	2	11,15	0,0	516000	0
1358	2024-09-06	10:00	80	3	2	0	165000	0
1365	2024-09-06	10:00	1	4	1,2	0,0	185000	0
1369	2024-09-06	10:00	10	6	4,9	0,0	380000	0
1374	2024-09-06	10:00	43	7	3,19	0,0	230000	0
1384	2024-09-06	10:00	18	11	8,17	0,0	190000	0
1348	2024-09-06	11:00	63	1	9,12	0,0	338000	0
1359	2024-09-06	11:00	72	3	13	0	110000	0
1380	2024-09-06	11:00	61	8	11,12	0,0	280000	0
1354	2024-09-06	12:00	67	2	5,15	0,0	492000	0
1360	2024-09-06	12:00	3	3	1	0	38500	0
1366	2024-09-06	12:00	58	4	25	0	25000	0
1370	2024-09-06	12:00	43	6	1,7	0,0	95000	0
1375	2024-09-06	12:00	37	7	5,7	0,0	240000	0
1349	2024-09-06	13:00	51	1	23	0	32500	0
1385	2024-09-06	13:00	13	11	11,23	0,0	225000	0
1350	2024-09-06	14:00	73	1	8,12	0,0	260000	0
1355	2024-09-06	14:00	66	2	2,3	0,0	396000	0
1361	2024-09-06	14:00	25	3	15	0	253000	0
1371	2024-09-06	14:00	57	6	11,12	0,0	280000	0
1376	2024-09-06	14:00	5	7	22	0	20000	0
1362	2024-09-06	15:00	26	3	10,19	0,0	275000	0
1367	2024-09-06	15:00	36	4	11,21	0,0	215000	0
1377	2024-09-06	15:00	74	7	1,19	0,0	85000	0
1381	2024-09-06	15:00	47	8	3	0	180000	0
1386	2024-09-06	15:00	41	11	17,20	0,0	80000	0
1351	2024-09-06	16:00	50	1	3,7	0,0	312000	0
1356	2024-09-06	16:00	32	2	15,19	0,0	336000	0
1372	2024-09-06	16:00	38	6	13,18	0,0	150000	0
1363	2024-09-06	17:00	38	3	7	0	66000	0
1368	2024-09-06	17:00	36	4	9,13	0,0	280000	0
1378	2024-09-06	17:00	19	7	5,8	0,0	300000	0
1382	2024-09-06	17:00	62	8	2,18	0,0	200000	0
1387	2024-09-06	17:00	76	11	1,14	0,0	155000	0
1352	2024-09-06	18:00	71	1	10	0	260000	0
1357	2024-09-06	18:00	34	2	19	0	60000	0
1364	2024-09-06	18:00	4	3	9,19	0,0	253000	0
1373	2024-09-06	18:00	51	6	11,13	0,0	300000	0
1379	2024-09-06	19:00	5	7	12	0	80000	0
1383	2024-09-06	19:00	19	8	3	0	180000	0
1388	2024-09-07	10:00	19	1	9,14	0,0	390000	0
1394	2024-09-07	10:00	50	3	18	0	55000	0
1400	2024-09-07	10:00	63	4	15	0	230000	0
1414	2024-09-07	10:00	11	7	16	0	140000	0
1417	2024-09-07	10:00	60	8	1,17	0,0	105000	0
1422	2024-09-07	10:00	8	9	24	0	30000	0
1427	2024-09-07	10:00	72	10	22	0	20000	0
1431	2024-09-07	10:00	51	11	10,11	0,0	400000	0
1395	2024-09-07	11:00	76	3	17	0	77000	0
1401	2024-09-07	11:00	78	4	11	0	200000	0
1405	2024-09-07	11:00	67	5	7,23	0,0	85000	0
1423	2024-09-07	11:00	64	9	1,23	0,0	60000	0
1428	2024-09-07	11:00	32	10	5,9	0,0	360000	0
1389	2024-09-07	12:00	37	1	11	0	260000	0
1396	2024-09-07	12:00	47	3	7,14	0,0	198000	0
1402	2024-09-07	12:00	20	4	5,6	0,0	240000	0
1410	2024-09-07	12:00	10	6	18,20	0,0	60000	0
1418	2024-09-07	12:00	41	8	17	0	70000	0
1432	2024-09-07	12:00	4	11	18	0	50000	0
1390	2024-09-07	13:00	22	1	3	0	234000	0
1406	2024-09-07	13:00	25	5	16	0	140000	0
1419	2024-09-07	13:00	61	8	13	0	100000	0
1429	2024-09-07	13:00	53	10	24	0	30000	0
1391	2024-09-07	14:00	57	1	1,8	0,0	201500	0
1397	2024-09-07	14:00	38	3	1,4	0,0	258500	0
1407	2024-09-07	14:00	55	5	19	0	50000	0
1411	2024-09-07	14:00	50	6	17,18	0,0	120000	0
1433	2024-09-07	14:00	58	11	19,24	0,0	80000	0
1403	2024-09-07	15:00	35	4	13,24	0,0	130000	0
1408	2024-09-07	15:00	1	5	4,6	0,0	260000	0
1424	2024-09-07	15:00	69	9	4,15	0,0	430000	0
1430	2024-09-07	15:00	37	10	17,24	0,0	100000	0
1392	2024-09-07	16:00	61	1	6,7	0,0	156000	0
1398	2024-09-07	16:00	35	3	17,18	0,0	132000	0
1412	2024-09-07	16:00	68	6	3,24	0,0	210000	0
1415	2024-09-07	17:00	77	7	18	0	50000	0
1420	2024-09-07	17:00	65	8	10,22	0,0	220000	0
1434	2024-09-07	17:00	7	11	1,13	0,0	135000	0
1393	2024-09-07	18:00	57	1	3,5	0,0	468000	0
1399	2024-09-07	18:00	74	3	1,21	0,0	55000	0
1404	2024-09-07	18:00	48	4	2,21	0,0	165000	0
1409	2024-09-07	18:00	6	5	2,10	0,0	350000	0
1413	2024-09-07	18:00	15	6	17	0	70000	0
1416	2024-09-07	18:00	47	7	3,13	0,0	280000	0
1425	2024-09-07	18:00	46	9	11	0	200000	0
1421	2024-09-07	19:00	61	8	15	0	230000	0
1426	2024-09-07	19:00	19	9	22	0	20000	0
1440	2024-09-08	10:00	7	3	13	0	110000	0
1444	2024-09-08	10:00	3	4	8,13	0,0	220000	0
1450	2024-09-08	10:00	51	5	2,12	0,0	230000	0
1455	2024-09-08	10:00	49	6	24	0	30000	0
1461	2024-09-08	10:00	45	7	7,8	0,0	180000	0
1480	2024-09-08	10:00	73	11	8,14	0,0	240000	0
1435	2024-09-08	11:00	9	2	12	0	96000	0
1456	2024-09-08	11:00	74	6	1,6	0,0	95000	0
1466	2024-09-08	11:00	79	8	8,11	0,0	320000	0
1470	2024-09-08	11:00	46	9	1,4	0,0	235000	0
1475	2024-09-08	11:00	26	10	10,16	0,0	340000	0
1441	2024-09-08	12:00	33	3	12,21	0,0	104500	0
1445	2024-09-08	12:00	7	4	1,9	0,0	215000	0
1451	2024-09-08	12:00	55	5	1	0	35000	0
1462	2024-09-08	12:00	73	7	12,23	0,0	105000	0
1436	2024-09-08	13:00	63	2	2	0	180000	0
1452	2024-09-08	13:00	60	5	9,25	0,0	205000	0
1457	2024-09-08	13:00	3	6	7	0	60000	0
1467	2024-09-08	13:00	54	8	3,6	0,0	240000	0
1471	2024-09-08	13:00	71	9	15,21	0,0	245000	0
1476	2024-09-08	13:00	16	10	21	0	15000	0
1481	2024-09-08	13:00	72	11	6,21	0,0	75000	0
1437	2024-09-08	14:00	58	2	6,13	0,0	192000	0
1442	2024-09-08	14:00	47	3	10,20	0,0	231000	0
1446	2024-09-08	14:00	4	4	9	0	180000	0
1458	2024-09-08	14:00	8	6	7	0	60000	0
1463	2024-09-08	14:00	70	7	13,22	0,0	120000	0
1447	2024-09-08	15:00	36	4	11	0	200000	0
1453	2024-09-08	15:00	1	5	9,15	0,0	410000	0
1459	2024-09-08	15:00	54	6	13,16	0,0	240000	0
1468	2024-09-08	15:00	63	8	11,17	0,0	270000	0
1472	2024-09-08	15:00	34	9	14,17	0,0	190000	0
1477	2024-09-08	15:00	72	10	17	0	70000	0
1482	2024-09-08	15:00	40	11	3,15	0,0	410000	0
1438	2024-09-08	16:00	72	2	8,16	0,0	312000	0
1448	2024-09-08	16:00	26	4	2,7	0,0	210000	0
1464	2024-09-08	16:00	13	7	2,18	0,0	200000	0
1443	2024-09-08	17:00	14	3	12	0	88000	0
1454	2024-09-08	17:00	45	5	7,14	0,0	180000	0
1460	2024-09-08	17:00	77	6	18,24	0,0	80000	0
1469	2024-09-08	17:00	29	8	4,7	0,0	260000	0
1483	2024-09-08	17:00	31	11	5,11	0,0	380000	0
1439	2024-09-08	18:00	50	2	6,11	0,0	312000	0
1449	2024-09-08	18:00	1	4	4,18	0,0	250000	0
1465	2024-09-08	18:00	8	7	2,9	0,0	330000	0
1473	2024-09-08	18:00	78	9	23	0	25000	0
1478	2024-09-08	18:00	5	10	13	0	100000	0
1474	2024-09-08	19:00	43	9	10	0	200000	0
1479	2024-09-08	19:00	33	10	24	0	30000	0
1484	2024-09-09	10:00	69	1	19,20	0,0	78000	0
1488	2024-09-09	10:00	74	2	1,8	0,0	186000	0
1493	2024-09-09	10:00	56	3	13,17	0,0	187000	0
1497	2024-09-09	10:00	16	5	8,9	0,0	300000	0
1507	2024-09-09	10:00	28	8	1	0	35000	0
1511	2024-09-09	10:00	11	9	8,11	0,0	320000	0
1517	2024-09-09	10:00	48	10	6,11	0,0	260000	0
1503	2024-09-09	11:00	26	7	1,14	0,0	155000	0
1521	2024-09-09	11:00	43	11	15,23	0,0	255000	0
1489	2024-09-09	12:00	13	2	2	0	180000	0
1494	2024-09-09	12:00	62	3	12,14	0,0	220000	0
1498	2024-09-09	12:00	67	5	8,15	0,0	350000	0
1508	2024-09-09	12:00	60	8	2,3	0,0	330000	0
1512	2024-09-09	12:00	3	9	7,17	0,0	130000	0
1485	2024-09-09	13:00	15	1	7,24	0,0	117000	0
1490	2024-09-09	13:00	32	2	15	0	276000	0
1504	2024-09-09	13:00	20	7	9	0	180000	0
1518	2024-09-09	13:00	75	10	22,24	0,0	50000	0
1522	2024-09-09	13:00	68	11	5	0	180000	0
1491	2024-09-09	14:00	60	2	6,7	0,0	144000	0
1495	2024-09-09	14:00	52	3	2,16	0,0	319000	0
1499	2024-09-09	14:00	29	5	5,14	0,0	300000	0
1505	2024-09-09	14:00	37	7	24	0	30000	0
1513	2024-09-09	14:00	76	9	23	0	25000	0
1523	2024-09-09	14:00	25	11	7,11	0,0	260000	0
1486	2024-09-09	15:00	18	1	4	0	260000	0
1506	2024-09-09	15:00	77	7	6,22	0,0	80000	0
1509	2024-09-09	15:00	21	8	1,12	0,0	115000	0
1514	2024-09-09	15:00	58	9	12	0	80000	0
1500	2024-09-09	16:00	39	5	23	0	25000	0
1515	2024-09-09	16:00	31	9	11,17	0,0	270000	0
1492	2024-09-09	17:00	18	2	24	0	36000	0
1496	2024-09-09	17:00	73	3	4,12	0,0	308000	0
1501	2024-09-09	17:00	55	5	16	0	140000	0
1510	2024-09-09	17:00	40	8	6,8	0,0	180000	0
1519	2024-09-09	17:00	30	10	2,11	0,0	350000	0
1487	2024-09-09	18:00	1	1	6,22	0,0	104000	0
1502	2024-09-09	18:00	46	5	10,12	0,0	280000	0
1516	2024-09-09	18:00	49	9	10	0	200000	0
1524	2024-09-09	18:00	34	11	4,21	0,0	215000	0
1520	2024-09-09	19:00	80	10	12	0	80000	0
1525	2024-09-10	10:00	79	1	6,7	0,0	156000	0
1535	2024-09-10	10:00	16	3	16	0	154000	0
1540	2024-09-10	10:00	29	5	21,23	0,0	40000	0
1545	2024-09-10	10:00	67	8	6,18	0,0	110000	0
1555	2024-09-10	10:00	26	10	2,8	0,0	270000	0
1531	2024-09-10	11:00	46	2	9,19	0,0	276000	0
1549	2024-09-10	11:00	29	9	8	0	120000	0
1526	2024-09-10	12:00	42	1	1	0	45500	0
1536	2024-09-10	12:00	43	3	21,25	0,0	44000	0
1541	2024-09-10	12:00	39	5	11,15	0,0	430000	0
1550	2024-09-10	12:00	79	9	25	0	25000	0
1556	2024-09-10	12:00	20	10	1	0	35000	0
1527	2024-09-10	13:00	42	1	20	0	13000	0
1532	2024-09-10	13:00	11	2	7	0	72000	0
1546	2024-09-10	13:00	50	8	6,14	0,0	180000	0
1551	2024-09-10	13:00	55	9	5,8	0,0	300000	0
1528	2024-09-10	14:00	23	1	7,13	0,0	208000	0
1533	2024-09-10	14:00	25	2	8,17	0,0	228000	0
1537	2024-09-10	14:00	53	3	15,19	0,0	308000	0
1542	2024-09-10	14:00	1	5	7,12	0,0	140000	0
1557	2024-09-10	14:00	77	10	13,17	0,0	170000	0
1547	2024-09-10	15:00	74	8	13,16	0,0	240000	0
1529	2024-09-10	16:00	25	1	3,7	0,0	312000	0
1538	2024-09-10	16:00	27	3	9	0	198000	0
1552	2024-09-10	16:00	69	9	12,23	0,0	105000	0
1558	2024-09-10	16:00	15	10	1,9	0,0	215000	0
1534	2024-09-10	17:00	51	2	5,20	0,0	228000	0
1543	2024-09-10	17:00	33	5	12	0	80000	0
1530	2024-09-10	18:00	51	1	1,5	0,0	279500	0
1539	2024-09-10	18:00	7	3	1,9	0,0	236500	0
1544	2024-09-10	18:00	34	5	17,22	0,0	90000	0
1548	2024-09-10	18:00	14	8	15,16	0,0	370000	0
1553	2024-09-10	18:00	64	9	1	0	35000	0
1559	2024-09-10	18:00	58	10	7,13	0,0	160000	0
1554	2024-09-10	19:00	36	9	16	0	140000	0
1568	2024-09-11	10:00	75	4	19,24	0,0	80000	0
1572	2024-09-11	10:00	8	5	2,13	0,0	250000	0
1576	2024-09-11	10:00	45	6	8,15	0,0	350000	0
1582	2024-09-11	10:00	68	10	17,24	0,0	100000	0
1587	2024-09-11	10:00	40	11	24	0	30000	0
1560	2024-09-11	11:00	34	1	22	0	26000	0
1564	2024-09-11	11:00	27	2	1,7	0,0	114000	0
1588	2024-09-11	11:00	3	11	3,4	0,0	380000	0
1561	2024-09-11	12:00	52	1	8,19	0,0	221000	0
1569	2024-09-11	12:00	17	4	16,25	0,0	165000	0
1573	2024-09-11	12:00	14	5	1	0	35000	0
1577	2024-09-11	12:00	37	6	1,15	0,0	265000	0
1583	2024-09-11	12:00	79	10	16	0	140000	0
1565	2024-09-11	13:00	17	2	2,21	0,0	198000	0
1584	2024-09-11	13:00	7	10	7,9	0,0	240000	0
1562	2024-09-11	14:00	49	1	1,6	0,0	123500	0
1574	2024-09-11	14:00	20	5	13,16	0,0	240000	0
1578	2024-09-11	14:00	10	6	2	0	150000	0
1589	2024-09-11	14:00	25	11	22	0	20000	0
1570	2024-09-11	15:00	61	4	13	0	100000	0
1579	2024-09-11	15:00	40	6	3,13	0,0	280000	0
1585	2024-09-11	15:00	18	10	23,25	0,0	50000	0
1590	2024-09-11	15:00	10	11	2,10	0,0	350000	0
1563	2024-09-11	16:00	79	1	1,10	0,0	305500	0
1566	2024-09-11	16:00	66	2	13,16	0,0	288000	0
1575	2024-09-11	17:00	54	5	14,16	0,0	260000	0
1580	2024-09-11	17:00	20	6	17,21	0,0	85000	0
1586	2024-09-11	17:00	3	10	15,19	0,0	280000	0
1591	2024-09-11	17:00	61	11	20,22	0,0	30000	0
1567	2024-09-11	18:00	66	2	11,16	0,0	408000	0
1571	2024-09-11	19:00	72	4	15	0	230000	0
1581	2024-09-11	19:00	3	6	2	0	150000	0
1592	2024-09-11	19:00	1	11	24	0	30000	0
1593	2024-09-12	10:00	22	1	7,25	0,0	110500	0
1598	2024-09-12	10:00	45	2	15	0	276000	0
1605	2024-09-12	10:00	52	4	16	0	140000	0
1611	2024-09-12	10:00	18	6	5,13	0,0	280000	0
1616	2024-09-12	10:00	23	7	3	0	180000	0
1623	2024-09-12	10:00	5	9	13,25	0,0	125000	0
1617	2024-09-12	11:00	42	7	11	0	200000	0
1594	2024-09-12	12:00	36	1	7,23	0,0	110500	0
1599	2024-09-12	12:00	62	2	18	0	60000	0
1606	2024-09-12	12:00	37	4	20	0	10000	0
1612	2024-09-12	12:00	44	6	4	0	200000	0
1624	2024-09-12	12:00	32	9	14,16	0,0	260000	0
1600	2024-09-12	13:00	57	2	1,12	0,0	138000	0
1607	2024-09-12	13:00	62	4	8	0	120000	0
1618	2024-09-12	13:00	43	7	2,5	0,0	330000	0
1595	2024-09-12	14:00	32	1	3	0	234000	0
1608	2024-09-12	14:00	1	4	7,13	0,0	160000	0
1613	2024-09-12	14:00	46	6	15	0	230000	0
1596	2024-09-12	15:00	57	1	18,19	0,0	130000	0
1601	2024-09-12	15:00	44	2	2,24	0,0	216000	0
1619	2024-09-12	15:00	23	7	14	0	120000	0
1625	2024-09-12	15:00	18	9	12	0	80000	0
1609	2024-09-12	16:00	78	4	2,13	0,0	250000	0
1620	2024-09-12	16:00	65	7	12	0	80000	0
1626	2024-09-12	16:00	74	9	5	0	180000	0
1602	2024-09-12	17:00	15	2	14	0	144000	0
1614	2024-09-12	17:00	78	6	19	0	50000	0
1621	2024-09-12	17:00	34	7	21	0	15000	0
1627	2024-09-12	17:00	2	9	12,15	0,0	310000	0
1597	2024-09-12	18:00	77	1	8,10	0,0	416000	0
1603	2024-09-12	18:00	36	2	24	0	36000	0
1610	2024-09-12	18:00	78	4	6	0	60000	0
1615	2024-09-12	18:00	10	6	20,22	0,0	30000	0
1622	2024-09-12	18:00	63	7	20	0	10000	0
1604	2024-09-12	19:00	54	2	3	0	216000	0
1628	2024-09-13	10:00	12	1	19	0	65000	0
1639	2024-09-13	10:00	62	3	6,13	0,0	176000	0
1654	2024-09-13	10:00	42	7	10,15	0,0	430000	0
1658	2024-09-13	10:00	61	8	3,8	0,0	300000	0
1663	2024-09-13	10:00	2	11	5,20	0,0	190000	0
1634	2024-09-13	11:00	60	2	14	0	144000	0
1644	2024-09-13	11:00	67	4	9,12	0,0	260000	0
1629	2024-09-13	12:00	54	1	9	0	234000	0
1635	2024-09-13	12:00	21	2	15,18	0,0	336000	0
1649	2024-09-13	12:00	42	6	7	0	60000	0
1659	2024-09-13	12:00	7	8	18,19	0,0	100000	0
1664	2024-09-13	12:00	66	11	19,21	0,0	65000	0
1630	2024-09-13	13:00	52	1	2,16	0,0	377000	0
1640	2024-09-13	13:00	45	3	13	0	110000	0
1650	2024-09-13	13:00	2	6	11	0	200000	0
1641	2024-09-13	14:00	21	3	10,24	0,0	253000	0
1645	2024-09-13	14:00	32	4	12,22	0,0	100000	0
1651	2024-09-13	14:00	4	6	8,10	0,0	320000	0
1655	2024-09-13	14:00	51	7	15,22	0,0	250000	0
1660	2024-09-13	14:00	38	8	7	0	60000	0
1665	2024-09-13	14:00	52	11	12,13	0,0	180000	0
1631	2024-09-13	15:00	5	1	13	0	130000	0
1636	2024-09-13	15:00	71	2	2,10	0,0	420000	0
1661	2024-09-13	15:00	40	8	15,20	0,0	240000	0
1632	2024-09-13	16:00	71	1	6	0	78000	0
1642	2024-09-13	16:00	25	3	3,12	0,0	286000	0
1646	2024-09-13	16:00	56	4	3	0	180000	0
1652	2024-09-13	16:00	43	6	17	0	70000	0
1656	2024-09-13	16:00	74	7	22	0	20000	0
1633	2024-09-13	17:00	31	1	1,9	0,0	279500	0
1637	2024-09-13	17:00	26	2	17	0	84000	0
1647	2024-09-13	17:00	3	4	4	0	200000	0
1653	2024-09-13	17:00	56	6	2	0	150000	0
1666	2024-09-13	17:00	75	11	16,19	0,0	190000	0
1638	2024-09-13	18:00	34	2	25	0	30000	0
1643	2024-09-13	18:00	7	3	15	0	253000	0
1648	2024-09-13	18:00	73	4	7,22	0,0	80000	0
1657	2024-09-13	18:00	9	7	8,19	0,0	170000	0
1662	2024-09-13	18:00	23	8	2,15	0,0	380000	0
1667	2024-09-14	10:00	36	1	6,15	0,0	377000	0
1670	2024-09-14	10:00	70	3	3,9	0,0	396000	0
1675	2024-09-14	10:00	13	4	3,12	0,0	260000	0
1690	2024-09-14	10:00	48	7	22	0	20000	0
1695	2024-09-14	10:00	28	8	1,4	0,0	235000	0
1700	2024-09-14	10:00	14	9	16	0	140000	0
1681	2024-09-14	11:00	10	5	4,21	0,0	215000	0
1685	2024-09-14	11:00	34	6	5	0	180000	0
1705	2024-09-14	11:00	60	10	2,3	0,0	330000	0
1710	2024-09-14	11:00	71	11	8,16	0,0	260000	0
1676	2024-09-14	12:00	13	4	11,13	0,0	300000	0
1686	2024-09-14	12:00	22	6	20	0	10000	0
1696	2024-09-14	12:00	74	8	11,25	0,0	225000	0
1701	2024-09-14	12:00	55	9	4,24	0,0	230000	0
1668	2024-09-14	13:00	15	1	7,9	0,0	312000	0
1671	2024-09-14	13:00	46	3	5,12	0,0	286000	0
1682	2024-09-14	13:00	66	5	2,3	0,0	330000	0
1691	2024-09-14	13:00	28	7	6	0	60000	0
1706	2024-09-14	13:00	26	10	17	0	70000	0
1687	2024-09-14	14:00	38	6	20,25	0,0	35000	0
1692	2024-09-14	14:00	39	7	8,23	0,0	145000	0
1697	2024-09-14	14:00	19	8	19	0	50000	0
1702	2024-09-14	14:00	18	9	19	0	50000	0
1707	2024-09-14	14:00	72	10	3,4	0,0	380000	0
1711	2024-09-14	14:00	3	11	19,24	0,0	80000	0
1672	2024-09-14	15:00	64	3	18,21	0,0	71500	0
1677	2024-09-14	15:00	32	4	19	0	50000	0
1683	2024-09-14	15:00	59	5	15,23	0,0	255000	0
1698	2024-09-14	15:00	75	8	21	0	15000	0
1669	2024-09-14	16:00	12	1	12,18	0,0	169000	0
1688	2024-09-14	16:00	53	6	14	0	120000	0
1693	2024-09-14	16:00	32	7	1,13	0,0	135000	0
1708	2024-09-14	16:00	46	10	13	0	100000	0
1673	2024-09-14	17:00	18	3	8	0	132000	0
1678	2024-09-14	17:00	67	4	9	0	180000	0
1684	2024-09-14	17:00	52	5	6,12	0,0	140000	0
1689	2024-09-14	17:00	59	6	2,22	0,0	170000	0
1703	2024-09-14	17:00	76	9	6	0	60000	0
1709	2024-09-14	17:00	44	10	14,23	0,0	145000	0
1712	2024-09-14	17:00	43	11	25	0	25000	0
1674	2024-09-14	18:00	71	3	6,22	0,0	88000	0
1679	2024-09-14	18:00	66	4	5	0	180000	0
1694	2024-09-14	18:00	39	7	1,9	0,0	215000	0
1699	2024-09-14	18:00	78	8	1,4	0,0	235000	0
1704	2024-09-14	18:00	64	9	5,23	0,0	205000	0
1680	2024-09-14	19:00	26	4	19	0	50000	0
1713	2024-09-15	10:00	12	2	24	0	36000	0
1719	2024-09-15	10:00	22	3	24	0	33000	0
1725	2024-09-15	10:00	72	4	10,16	0,0	340000	0
1730	2024-09-15	10:00	25	5	2,16	0,0	290000	0
1740	2024-09-15	10:00	66	8	23	0	25000	0
1745	2024-09-15	10:00	1	9	17	0	70000	0
1748	2024-09-15	10:00	31	10	10,17	0,0	270000	0
1714	2024-09-15	11:00	42	2	7	0	72000	0
1720	2024-09-15	11:00	3	3	15,19	0,0	308000	0
1734	2024-09-15	11:00	51	6	8,19	0,0	170000	0
1715	2024-09-15	12:00	72	2	25	0	30000	0
1726	2024-09-15	12:00	13	4	9	0	180000	0
1731	2024-09-15	12:00	2	5	7,8	0,0	180000	0
1738	2024-09-15	12:00	35	7	23,25	0,0	50000	0
1741	2024-09-15	12:00	59	8	17,22	0,0	90000	0
1746	2024-09-15	12:00	19	9	3,14	0,0	300000	0
1716	2024-09-15	13:00	6	2	19	0	60000	0
1721	2024-09-15	13:00	52	3	4,11	0,0	440000	0
1727	2024-09-15	13:00	80	4	12,22	0,0	100000	0
1749	2024-09-15	13:00	36	10	9,16	0,0	320000	0
1752	2024-09-15	13:00	63	11	21,24	0,0	45000	0
1717	2024-09-15	14:00	67	2	8,22	0,0	168000	0
1735	2024-09-15	14:00	63	6	16	0	140000	0
1742	2024-09-15	14:00	61	8	10	0	200000	0
1722	2024-09-15	15:00	52	3	2,14	0,0	297000	0
1732	2024-09-15	15:00	4	5	10,21	0,0	215000	0
1736	2024-09-15	15:00	72	6	7,8	0,0	180000	0
1739	2024-09-15	15:00	26	7	1	0	35000	0
1750	2024-09-15	15:00	3	10	3,6	0,0	240000	0
1753	2024-09-15	15:00	10	11	8,9	0,0	300000	0
1728	2024-09-15	16:00	74	4	1	0	35000	0
1718	2024-09-15	17:00	34	2	8,18	0,0	204000	0
1723	2024-09-15	17:00	11	3	18,23	0,0	82500	0
1729	2024-09-15	17:00	51	4	1,21	0,0	50000	0
1737	2024-09-15	17:00	58	6	5,11	0,0	380000	0
1743	2024-09-15	17:00	16	8	8,13	0,0	220000	0
1747	2024-09-15	17:00	46	9	6,16	0,0	200000	0
1751	2024-09-15	17:00	71	10	19,24	0,0	80000	0
1733	2024-09-15	18:00	19	5	6,20	0,0	70000	0
1754	2024-09-15	18:00	2	11	7,24	0,0	90000	0
1724	2024-09-15	19:00	20	3	22	0	22000	0
1744	2024-09-15	19:00	46	8	17	0	70000	0
1755	2024-09-16	10:00	23	1	5,11	0,0	494000	0
1757	2024-09-16	10:00	51	2	12	0	96000	0
1761	2024-09-16	10:00	18	5	8,15	0,0	350000	0
1759	2024-09-16	11:00	49	3	1,5	0,0	236500	0
1767	2024-09-16	11:00	75	9	5,7	0,0	240000	0
1758	2024-09-16	12:00	23	2	4	0	240000	0
1760	2024-09-16	13:00	77	3	25	0	27500	0
1769	2024-09-16	13:00	42	10	7,20	0,0	70000	0
1765	2024-09-16	15:00	3	8	8	0	120000	0
1770	2024-09-16	15:00	47	10	5	0	180000	0
1771	2024-09-16	15:00	19	11	22	0	20000	0
1763	2024-09-16	16:00	13	7	8,14	0,0	240000	0
1766	2024-09-16	16:00	31	8	1,16	0,0	175000	0
1756	2024-09-16	17:00	20	1	6	0	78000	0
1768	2024-09-16	17:00	62	9	9	0	180000	0
1762	2024-09-16	18:00	58	5	18	0	50000	0
1764	2024-09-16	18:00	22	7	9,18	0,0	230000	0
1778	2024-09-17	10:00	68	3	5	0	198000	0
1785	2024-09-17	10:00	74	8	10,20	0,0	210000	0
1790	2024-09-17	10:00	62	9	9	0	180000	0
1786	2024-09-17	12:00	26	8	10	0	200000	0
1791	2024-09-17	12:00	33	9	9,16	0,0	320000	0
1774	2024-09-17	13:00	18	2	7,22	0,0	96000	0
1772	2024-09-17	14:00	60	1	24	0	39000	0
1787	2024-09-17	14:00	68	8	20	0	10000	0
1792	2024-09-17	14:00	16	10	2	0	150000	0
1775	2024-09-17	15:00	51	2	3	0	216000	0
1779	2024-09-17	15:00	45	3	7	0	66000	0
1788	2024-09-17	15:00	77	8	25	0	25000	0
1793	2024-09-17	15:00	35	10	1	0	35000	0
1776	2024-09-17	16:00	8	2	2	0	180000	0
1781	2024-09-17	16:00	70	5	8	0	120000	0
1789	2024-09-17	16:00	24	8	17	0	70000	0
1773	2024-09-17	17:00	54	1	11	0	260000	0
1777	2024-09-17	17:00	50	2	7	0	72000	0
1780	2024-09-17	17:00	69	3	8,13	0,0	242000	0
1782	2024-09-17	17:00	74	5	14	0	120000	0
1783	2024-09-17	18:00	4	5	20	0	10000	0
1784	2024-09-17	19:00	55	5	17	0	70000	0
1797	2024-09-18	10:00	20	2	6,8	0,0	216000	0
1802	2024-09-18	10:00	53	4	25	0	25000	0
1807	2024-09-18	10:00	23	5	7,23	0,0	85000	0
1811	2024-09-18	10:00	19	6	5,10	0,0	380000	0
1819	2024-09-18	10:00	4	11	14,19	0,0	170000	0
1794	2024-09-18	11:00	65	1	4,7	0,0	338000	0
1798	2024-09-18	12:00	31	2	3	0	216000	0
1803	2024-09-18	12:00	62	4	16,18	0,0	190000	0
1808	2024-09-18	12:00	13	5	25	0	25000	0
1815	2024-09-18	12:00	26	10	11,13	0,0	300000	0
1820	2024-09-18	12:00	34	11	23,24	0,0	55000	0
1799	2024-09-18	13:00	52	2	8,24	0,0	180000	0
1804	2024-09-18	14:00	55	4	8,15	0,0	350000	0
1812	2024-09-18	14:00	41	6	4,12	0,0	280000	0
1816	2024-09-18	14:00	29	10	24	0	30000	0
1821	2024-09-18	14:00	32	11	13	0	100000	0
1800	2024-09-18	15:00	16	2	6,18	0,0	132000	0
1809	2024-09-18	15:00	39	5	1,7	0,0	95000	0
1817	2024-09-18	15:00	6	10	2	0	150000	0
1822	2024-09-18	15:00	50	11	6,7	0,0	120000	0
1795	2024-09-18	16:00	77	1	7	0	78000	0
1805	2024-09-18	16:00	4	4	12	0	80000	0
1813	2024-09-18	16:00	59	6	10,11	0,0	400000	0
1796	2024-09-18	17:00	7	1	10,14	0,0	416000	0
1801	2024-09-18	17:00	11	2	4,5	0,0	456000	0
1810	2024-09-18	17:00	61	5	24	0	30000	0
1806	2024-09-18	18:00	69	4	9,16	0,0	320000	0
1814	2024-09-18	18:00	78	6	8,12	0,0	200000	0
1818	2024-09-18	19:00	38	10	21	0	15000	0
1823	2024-09-19	10:00	56	1	12,20	0,0	117000	0
1827	2024-09-19	10:00	68	2	8,17	0,0	228000	0
1831	2024-09-19	10:00	14	4	12	0	80000	0
1835	2024-09-19	10:00	53	6	14,17	0,0	190000	0
1840	2024-09-19	10:00	41	7	1	0	35000	0
1846	2024-09-19	10:00	48	9	14	0	120000	0
1832	2024-09-19	11:00	18	4	9,19	0,0	230000	0
1847	2024-09-19	11:00	21	9	24	0	30000	0
1828	2024-09-19	12:00	54	2	15,18	0,0	336000	0
1836	2024-09-19	12:00	32	6	8,9	0,0	300000	0
1841	2024-09-19	12:00	47	7	14	0	120000	0
1824	2024-09-19	13:00	75	1	23	0	32500	0
1842	2024-09-19	13:00	42	7	7	0	60000	0
1848	2024-09-19	13:00	45	9	6,7	0,0	120000	0
1829	2024-09-19	14:00	6	2	17	0	84000	0
1833	2024-09-19	14:00	52	4	4,20	0,0	210000	0
1837	2024-09-19	15:00	70	6	5,14	0,0	300000	0
1843	2024-09-19	15:00	41	7	15	0	230000	0
1849	2024-09-19	15:00	64	9	16	0	140000	0
1825	2024-09-19	16:00	63	1	9,20	0,0	247000	0
1844	2024-09-19	16:00	42	7	14,23	0,0	145000	0
1850	2024-09-19	16:00	64	9	19,23	0,0	75000	0
1834	2024-09-19	17:00	26	4	1,6	0,0	95000	0
1838	2024-09-19	17:00	16	6	23	0	25000	0
1826	2024-09-19	18:00	65	1	10,17	0,0	351000	0
1830	2024-09-19	18:00	22	2	6	0	72000	0
1845	2024-09-19	18:00	52	7	25	0	25000	0
1851	2024-09-19	18:00	76	9	16,17	0,0	210000	0
1839	2024-09-19	19:00	59	6	14	0	120000	0
1852	2024-09-20	10:00	38	1	15	0	299000	0
1859	2024-09-20	10:00	25	4	21	0	15000	0
1863	2024-09-20	10:00	61	7	24	0	30000	0
1865	2024-09-20	10:00	21	8	1	0	35000	0
1853	2024-09-20	11:00	39	2	8,13	0,0	264000	0
1864	2024-09-20	11:00	74	7	8	0	120000	0
1866	2024-09-20	11:00	35	8	5	0	180000	0
1860	2024-09-20	12:00	1	4	9,13	0,0	280000	0
1861	2024-09-20	12:00	59	6	4	0	200000	0
1868	2024-09-20	12:00	57	11	4	0	200000	0
1854	2024-09-20	13:00	31	2	15	0	276000	0
1857	2024-09-20	14:00	33	3	9,10	0,0	418000	0
1862	2024-09-20	14:00	24	6	12	0	80000	0
1858	2024-09-20	16:00	46	3	17	0	77000	0
1855	2024-09-20	17:00	23	2	17	0	84000	0
1867	2024-09-20	17:00	25	8	8,17	0,0	190000	0
1869	2024-09-20	17:00	79	11	14	0	120000	0
1856	2024-09-20	19:00	77	2	2	0	180000	0
1870	2024-09-21	10:00	17	1	9,14	0,0	390000	0
1880	2024-09-21	10:00	52	4	6,13	0,0	160000	0
1886	2024-09-21	10:00	4	5	1,15	0,0	265000	0
1894	2024-09-21	10:00	51	7	25	0	25000	0
1898	2024-09-21	10:00	44	8	3,13	0,0	280000	0
1903	2024-09-21	10:00	9	9	13	0	100000	0
1908	2024-09-21	10:00	34	10	3,7	0,0	240000	0
1875	2024-09-21	11:00	33	3	7,24	0,0	99000	0
1890	2024-09-21	11:00	46	6	2,18	0,0	200000	0
1913	2024-09-21	11:00	9	11	13	0	100000	0
1881	2024-09-21	12:00	8	4	22,23	0,0	45000	0
1887	2024-09-21	12:00	14	5	9,18	0,0	230000	0
1904	2024-09-21	12:00	19	9	2,3	0,0	330000	0
1909	2024-09-21	12:00	38	10	21	0	15000	0
1914	2024-09-21	12:00	26	11	3,16	0,0	320000	0
1871	2024-09-21	13:00	69	1	9	0	234000	0
1891	2024-09-21	13:00	76	6	11,12	0,0	280000	0
1895	2024-09-21	13:00	1	7	9,16	0,0	320000	0
1899	2024-09-21	13:00	79	8	5,7	0,0	240000	0
1910	2024-09-21	13:00	59	10	4,19	0,0	250000	0
1876	2024-09-21	14:00	7	3	25	0	27500	0
1882	2024-09-21	14:00	33	4	4,17	0,0	270000	0
1905	2024-09-21	14:00	15	9	5,6	0,0	240000	0
1872	2024-09-21	15:00	10	1	23	0	32500	0
1877	2024-09-21	15:00	50	3	2,25	0,0	192500	0
1888	2024-09-21	15:00	37	5	6,9	0,0	240000	0
1892	2024-09-21	15:00	45	6	22	0	20000	0
1896	2024-09-21	15:00	51	7	9,19	0,0	230000	0
1900	2024-09-21	15:00	46	8	4	0	200000	0
1911	2024-09-21	15:00	25	10	9,14	0,0	300000	0
1915	2024-09-21	15:00	70	11	6,8	0,0	180000	0
1873	2024-09-21	16:00	61	1	13	0	130000	0
1883	2024-09-21	16:00	54	4	12,25	0,0	105000	0
1906	2024-09-21	16:00	14	9	17	0	70000	0
1878	2024-09-21	17:00	69	3	14	0	132000	0
1889	2024-09-21	17:00	13	5	4,19	0,0	250000	0
1893	2024-09-21	17:00	36	6	1,23	0,0	60000	0
1897	2024-09-21	17:00	25	7	8,19	0,0	170000	0
1901	2024-09-21	17:00	31	8	5	0	180000	0
1907	2024-09-21	17:00	76	9	8,10	0,0	320000	0
1912	2024-09-21	17:00	48	10	4	0	200000	0
1916	2024-09-21	17:00	17	11	4,20	0,0	210000	0
1874	2024-09-21	18:00	21	1	2,15	0,0	494000	0
1884	2024-09-21	18:00	44	4	17	0	70000	0
1902	2024-09-21	18:00	25	8	12,14	0,0	200000	0
1879	2024-09-21	19:00	23	3	14	0	132000	0
1885	2024-09-21	19:00	56	4	20	0	10000	0
1925	2024-09-22	10:00	49	6	8	0	120000	0
1932	2024-09-22	10:00	7	9	8,21	0,0	135000	0
1917	2024-09-22	11:00	72	2	11	0	240000	0
1926	2024-09-22	11:00	51	6	4	0	200000	0
1936	2024-09-22	11:00	45	11	1,10	0,0	235000	0
1918	2024-09-22	12:00	57	2	1	0	42000	0
1933	2024-09-22	12:00	21	9	11	0	200000	0
1919	2024-09-22	13:00	43	3	11	0	220000	0
1921	2024-09-22	13:00	49	5	8	0	120000	0
1929	2024-09-22	13:00	77	8	16	0	140000	0
1935	2024-09-22	13:00	66	10	9,10	0,0	380000	0
1922	2024-09-22	14:00	24	5	21	0	15000	0
1937	2024-09-22	14:00	36	11	17	0	70000	0
1923	2024-09-22	15:00	10	5	25	0	25000	0
1928	2024-09-22	15:00	59	7	15	0	230000	0
1934	2024-09-22	15:00	17	9	9,14	0,0	300000	0
1927	2024-09-22	16:00	73	6	24	0	30000	0
1930	2024-09-22	16:00	61	8	9,25	0,0	205000	0
1920	2024-09-22	17:00	64	3	7	0	66000	0
1924	2024-09-22	18:00	72	5	1,10	0,0	235000	0
1931	2024-09-22	18:00	21	8	25	0	25000	0
1938	2024-09-23	10:00	7	1	1,5	0,0	279500	0
1943	2024-09-23	10:00	19	2	1,15	0,0	318000	0
1947	2024-09-23	10:00	51	3	2,10	0,0	385000	0
1955	2024-09-23	10:00	76	7	6,7	0,0	120000	0
1959	2024-09-23	10:00	35	8	11,20	0,0	210000	0
1964	2024-09-23	10:00	44	9	6,18	0,0	110000	0
1968	2024-09-23	10:00	69	10	10,11	0,0	400000	0
1951	2024-09-23	11:00	78	5	4,17	0,0	270000	0
1972	2024-09-23	11:00	4	11	1,3	0,0	215000	0
1939	2024-09-23	12:00	13	1	2,5	0,0	429000	0
1944	2024-09-23	12:00	18	2	2,6	0,0	252000	0
1948	2024-09-23	12:00	33	3	16,25	0,0	181500	0
1956	2024-09-23	12:00	39	7	19,20	0,0	60000	0
1960	2024-09-23	12:00	17	8	16	0	140000	0
1969	2024-09-23	12:00	69	10	1,17	0,0	105000	0
1961	2024-09-23	13:00	22	8	8	0	120000	0
1940	2024-09-23	14:00	65	1	5,7	0,0	312000	0
1949	2024-09-23	14:00	70	3	12,13	0,0	198000	0
1952	2024-09-23	14:00	9	5	7,10	0,0	260000	0
1957	2024-09-23	14:00	28	7	1,5	0,0	215000	0
1965	2024-09-23	14:00	19	9	7	0	60000	0
1945	2024-09-23	15:00	35	2	16	0	168000	0
1966	2024-09-23	15:00	49	9	1,20	0,0	45000	0
1970	2024-09-23	15:00	75	10	3,22	0,0	200000	0
1941	2024-09-23	16:00	36	1	11	0	260000	0
1946	2024-09-23	16:00	56	2	4,11	0,0	480000	0
1953	2024-09-23	16:00	22	5	10,12	0,0	280000	0
1962	2024-09-23	16:00	39	8	23,24	0,0	55000	0
1973	2024-09-23	16:00	71	11	10	0	200000	0
1950	2024-09-23	17:00	76	3	17,18	0,0	132000	0
1958	2024-09-23	17:00	14	7	1,6	0,0	95000	0
1967	2024-09-23	17:00	19	9	21	0	15000	0
1942	2024-09-23	18:00	30	1	11,18	0,0	325000	0
1954	2024-09-23	18:00	15	5	2,23	0,0	175000	0
1963	2024-09-23	18:00	62	8	1,3	0,0	215000	0
1971	2024-09-23	18:00	63	10	11,20	0,0	210000	0
1974	2024-09-23	18:00	79	11	12	0	80000	0
1977	2024-09-24	10:00	29	3	6,13	0,0	176000	0
1979	2024-09-24	10:00	72	5	7,16	0,0	200000	0
1985	2024-09-24	10:00	39	9	16	0	140000	0
1986	2024-09-24	10:00	68	10	5,10	0,0	380000	0
1984	2024-09-24	13:00	15	8	6,14	0,0	180000	0
1987	2024-09-24	13:00	80	10	9,11	0,0	380000	0
1978	2024-09-24	14:00	48	3	4,8	0,0	352000	0
1980	2024-09-24	14:00	38	5	3	0	180000	0
1975	2024-09-24	15:00	6	1	6,17	0,0	169000	0
1981	2024-09-24	15:00	8	5	13	0	100000	0
1982	2024-09-24	17:00	77	5	6,12	0,0	140000	0
1976	2024-09-24	18:00	8	2	15	0	276000	0
1983	2024-09-24	19:00	8	5	17	0	70000	0
1990	2024-09-25	10:00	47	2	6,7	0,0	144000	0
1993	2024-09-25	10:00	31	4	4	0	200000	0
1996	2024-09-25	10:00	3	5	16	0	140000	0
2005	2024-09-25	10:00	14	11	2	0	150000	0
1994	2024-09-25	11:00	56	4	13	0	100000	0
1997	2024-09-25	11:00	79	5	1,8	0,0	155000	0
1988	2024-09-25	12:00	44	1	8,14	0,0	312000	0
1991	2024-09-25	12:00	41	2	9,19	0,0	276000	0
1999	2024-09-25	12:00	71	6	6,14	0,0	180000	0
2000	2024-09-25	14:00	57	6	1	0	35000	0
2001	2024-09-25	15:00	57	6	20	0	10000	0
1989	2024-09-25	16:00	25	1	7,8	0,0	234000	0
1998	2024-09-25	16:00	26	5	25	0	25000	0
2006	2024-09-25	16:00	12	11	1,16	0,0	175000	0
1995	2024-09-25	17:00	25	4	10,24	0,0	230000	0
2003	2024-09-25	17:00	61	10	24	0	30000	0
2002	2024-09-25	18:00	20	6	17	0	70000	0
1992	2024-09-25	19:00	38	2	4	0	240000	0
2004	2024-09-25	19:00	77	10	21	0	15000	0
2010	2024-09-26	10:00	78	2	18	0	60000	0
2015	2024-09-26	10:00	32	4	17	0	70000	0
2018	2024-09-26	10:00	38	6	11	0	200000	0
2007	2024-09-26	11:00	26	1	9	0	234000	0
2016	2024-09-26	11:00	32	4	15	0	230000	0
2019	2024-09-26	11:00	47	6	19	0	50000	0
2011	2024-09-26	12:00	56	2	14	0	144000	0
2012	2024-09-26	14:00	52	2	17	0	84000	0
2021	2024-09-26	14:00	5	7	20	0	10000	0
2025	2024-09-26	14:00	29	9	19	0	50000	0
2022	2024-09-26	15:00	1	7	9,12	0,0	260000	0
2026	2024-09-26	15:00	66	9	23	0	25000	0
2013	2024-09-26	16:00	51	2	5	0	216000	0
2008	2024-09-26	17:00	14	1	3	0	234000	0
2014	2024-09-26	17:00	64	2	15	0	276000	0
2023	2024-09-26	17:00	67	7	19,25	0,0	75000	0
2027	2024-09-26	17:00	40	9	15,16	0,0	370000	0
2009	2024-09-26	18:00	8	1	1,6	0,0	123500	0
2017	2024-09-26	18:00	69	4	9,11	0,0	380000	0
2020	2024-09-26	18:00	48	6	16,18	0,0	190000	0
2024	2024-09-26	19:00	14	7	4	0	200000	0
2028	2024-09-27	10:00	31	1	19	0	65000	0
2033	2024-09-27	10:00	68	2	14	0	144000	0
2042	2024-09-27	10:00	21	4	8	0	120000	0
2047	2024-09-27	10:00	9	6	15,16	0,0	370000	0
2052	2024-09-27	10:00	61	7	23	0	25000	0
2060	2024-09-27	10:00	16	11	7	0	60000	0
2029	2024-09-27	11:00	15	1	11	0	260000	0
2034	2024-09-27	11:00	78	2	1	0	42000	0
2037	2024-09-27	11:00	77	3	1,2	0,0	203500	0
2056	2024-09-27	11:00	75	8	13,14	0,0	220000	0
2043	2024-09-27	12:00	45	4	2,6	0,0	210000	0
2048	2024-09-27	12:00	64	6	15,24	0,0	260000	0
2053	2024-09-27	12:00	20	7	22	0	20000	0
2030	2024-09-27	13:00	43	1	14,18	0,0	221000	0
2038	2024-09-27	13:00	34	3	18	0	55000	0
2054	2024-09-27	13:00	8	7	2,11	0,0	350000	0
2057	2024-09-27	13:00	48	8	3	0	180000	0
2044	2024-09-27	14:00	61	4	25	0	25000	0
2049	2024-09-27	14:00	28	6	24	0	30000	0
2061	2024-09-27	14:00	37	11	4	0	200000	0
2039	2024-09-27	15:00	14	3	19,21	0,0	71500	0
2045	2024-09-27	15:00	4	4	1	0	35000	0
2050	2024-09-27	15:00	73	6	12,18	0,0	130000	0
2035	2024-09-27	16:00	36	2	15,16	0,0	444000	0
2058	2024-09-27	16:00	3	8	8,19	0,0	170000	0
2062	2024-09-27	16:00	7	11	14	0	120000	0
2031	2024-09-27	17:00	27	1	14	0	156000	0
2040	2024-09-27	17:00	76	3	5	0	198000	0
2046	2024-09-27	17:00	19	4	12	0	80000	0
2051	2024-09-27	17:00	16	6	9,12	0,0	260000	0
2032	2024-09-27	18:00	45	1	8	0	156000	0
2041	2024-09-27	18:00	7	3	17	0	77000	0
2055	2024-09-27	18:00	61	7	18	0	50000	0
2059	2024-09-27	18:00	20	8	13	0	100000	0
2036	2024-09-27	19:00	22	2	21	0	18000	0
2063	2024-09-28	10:00	62	1	16,21	0,0	201500	0
2067	2024-09-28	10:00	51	3	2	0	165000	0
2075	2024-09-28	10:00	5	5	7,12	0,0	140000	0
2079	2024-09-28	10:00	76	6	11	0	200000	0
2089	2024-09-28	10:00	16	9	14	0	120000	0
2071	2024-09-28	11:00	35	4	6,14	0,0	180000	0
2086	2024-09-28	11:00	33	8	12	0	80000	0
2093	2024-09-28	11:00	79	10	1,12	0,0	115000	0
2098	2024-09-28	11:00	66	11	8,23	0,0	145000	0
2064	2024-09-28	12:00	59	1	17,22	0,0	117000	0
2068	2024-09-28	12:00	51	3	14,20	0,0	143000	0
2076	2024-09-28	12:00	20	5	14	0	120000	0
2084	2024-09-28	12:00	63	7	18	0	50000	0
2090	2024-09-28	12:00	13	9	16	0	140000	0
2072	2024-09-28	13:00	80	4	6,12	0,0	140000	0
2077	2024-09-28	13:00	61	5	7,10	0,0	260000	0
2091	2024-09-28	13:00	55	9	14,24	0,0	150000	0
2094	2024-09-28	13:00	38	10	5	0	180000	0
2065	2024-09-28	14:00	75	1	12	0	104000	0
2069	2024-09-28	14:00	70	3	3	0	198000	0
2080	2024-09-28	14:00	21	6	19	0	50000	0
2085	2024-09-28	14:00	35	7	7	0	60000	0
2087	2024-09-28	14:00	68	8	6,7	0,0	120000	0
2073	2024-09-28	15:00	48	4	1,8	0,0	155000	0
2078	2024-09-28	15:00	62	5	16	0	140000	0
2081	2024-09-28	15:00	23	6	17	0	70000	0
2095	2024-09-28	15:00	28	10	7	0	60000	0
2099	2024-09-28	15:00	37	11	1	0	35000	0
2066	2024-09-28	16:00	11	1	12,19	0,0	169000	0
2070	2024-09-28	16:00	17	3	12	0	88000	0
2088	2024-09-28	16:00	20	8	11,12	0,0	280000	0
2074	2024-09-28	17:00	51	4	15	0	230000	0
2092	2024-09-28	17:00	16	9	18,21	0,0	65000	0
2096	2024-09-28	17:00	27	10	15,23	0,0	255000	0
2100	2024-09-28	17:00	35	11	17,21	0,0	85000	0
2082	2024-09-28	18:00	47	6	1	0	35000	0
2083	2024-09-28	19:00	80	6	19	0	50000	0
2097	2024-09-28	19:00	44	10	24	0	30000	0
2101	2024-09-28	19:00	31	11	22	0	20000	0
2105	2024-09-29	10:00	16	3	1	0	38500	0
2122	2024-09-29	10:00	14	7	19	0	50000	0
2130	2024-09-29	10:00	41	9	1,24	0,0	65000	0
2135	2024-09-29	10:00	43	10	21	0	15000	0
2141	2024-09-29	10:00	74	11	1,9	0,0	215000	0
2136	2024-09-29	11:00	77	10	3	0	180000	0
2102	2024-09-29	12:00	2	2	12,22	0,0	120000	0
2111	2024-09-29	12:00	51	4	12	0	80000	0
2119	2024-09-29	12:00	66	6	9	0	180000	0
2123	2024-09-29	12:00	73	7	12,19	0,0	130000	0
2131	2024-09-29	12:00	17	9	13	0	100000	0
2137	2024-09-29	12:00	64	10	8,21	0,0	135000	0
2142	2024-09-29	12:00	62	11	9,14	0,0	300000	0
2106	2024-09-29	13:00	71	3	4	0	220000	0
2112	2024-09-29	13:00	39	4	1,3	0,0	215000	0
2115	2024-09-29	13:00	57	5	3	0	180000	0
2116	2024-09-29	14:00	22	5	13	0	100000	0
2127	2024-09-29	14:00	26	8	13,14	0,0	220000	0
2143	2024-09-29	14:00	73	11	3	0	180000	0
2103	2024-09-29	15:00	17	2	1,5	0,0	258000	0
2107	2024-09-29	15:00	49	3	18	0	55000	0
2117	2024-09-29	15:00	26	5	12	0	80000	0
2120	2024-09-29	15:00	10	6	6	0	60000	0
2124	2024-09-29	15:00	29	7	12,21	0,0	95000	0
2132	2024-09-29	15:00	56	9	2	0	150000	0
2144	2024-09-29	15:00	39	11	10,13	0,0	300000	0
2108	2024-09-29	16:00	68	3	12,16	0,0	242000	0
2118	2024-09-29	16:00	73	5	14	0	120000	0
2138	2024-09-29	16:00	23	10	17	0	70000	0
2104	2024-09-29	17:00	39	2	9,12	0,0	312000	0
2113	2024-09-29	17:00	21	4	2	0	150000	0
2125	2024-09-29	17:00	22	7	11,13	0,0	300000	0
2128	2024-09-29	17:00	3	8	19	0	50000	0
2133	2024-09-29	17:00	45	9	20	0	10000	0
2139	2024-09-29	17:00	40	10	23	0	25000	0
2145	2024-09-29	17:00	62	11	10	0	200000	0
2109	2024-09-29	18:00	5	3	6	0	66000	0
2114	2024-09-29	18:00	19	4	15	0	230000	0
2129	2024-09-29	18:00	80	8	15	0	230000	0
2134	2024-09-29	18:00	35	9	18	0	50000	0
2110	2024-09-29	19:00	20	3	1	0	38500	0
2121	2024-09-29	19:00	22	6	3	0	180000	0
2126	2024-09-29	19:00	78	7	8	0	120000	0
2140	2024-09-29	19:00	16	10	22	0	20000	0
2157	2024-09-30	10:00	50	5	1,11	0,0	235000	0
2161	2024-09-30	10:00	70	7	14,17	0,0	190000	0
2152	2024-09-30	11:00	1	3	18	0	55000	0
2164	2024-09-30	11:00	13	8	1,11	0,0	235000	0
2165	2024-09-30	11:00	9	9	17	0	70000	0
2171	2024-09-30	11:00	63	10	2	0	150000	0
2153	2024-09-30	12:00	16	3	1	0	38500	0
2166	2024-09-30	12:00	76	9	20	0	10000	0
2172	2024-09-30	12:00	11	10	12	0	80000	0
2146	2024-09-30	13:00	34	1	11,22	0,0	286000	0
2154	2024-09-30	13:00	8	3	4	0	220000	0
2158	2024-09-30	13:00	31	5	21	0	15000	0
2167	2024-09-30	13:00	13	9	1	0	35000	0
2168	2024-09-30	14:00	47	9	19	0	50000	0
2155	2024-09-30	15:00	30	3	19	0	55000	0
2175	2024-09-30	15:00	46	11	1,3	0,0	215000	0
2147	2024-09-30	16:00	74	1	16	0	182000	0
2150	2024-09-30	16:00	58	2	21	0	18000	0
2159	2024-09-30	16:00	18	5	1,25	0,0	60000	0
2162	2024-09-30	16:00	51	7	16	0	140000	0
2148	2024-09-30	17:00	30	1	12,19	0,0	169000	0
2151	2024-09-30	17:00	33	2	16	0	168000	0
2156	2024-09-30	17:00	18	3	1,4	0,0	258500	0
2169	2024-09-30	17:00	17	9	11,20	0,0	210000	0
2173	2024-09-30	17:00	22	10	9	0	180000	0
2163	2024-09-30	18:00	10	7	17	0	70000	0
2176	2024-09-30	18:00	37	11	11,14	0,0	320000	0
2149	2024-09-30	19:00	45	1	1	0	45500	0
2160	2024-09-30	19:00	48	5	8	0	120000	0
2170	2024-09-30	19:00	61	9	15	0	230000	0
2174	2024-09-30	19:00	14	10	10	0	200000	0
